155
154
147
153
146
115
139
151
152
145
110
142
130
149
138
114
150
148
144
106
143
82
109
141
128
102
140
137
134
113
136
129
112
104
80
105
125
122
34
87
103
76
127
108
97
126
101
107
133
124
81
100
135
111
78
86
70
79
121
32
73
54
74
95
66
120
85
77
99
75
94
96
132
123
72
131
33
98
69
119
30
53
84
26
31
52
68
92 44
64
117
65
118
51
90
93
63
91
29
83
89
71
67
24
49
43 61
116
15
47
25
50
42
60
62
59
27
23
46
28
58
48
88
20
14
21
40
41
57
5
18
13
22 56
45
39
19
55
12
38
4 16
10
36 11 
37
17
9
3
7
8
35
2
6
1
0