155
154
147
153
115
146
139
151
152
145
110
130
142
114
138
149
148
150
144
82
106
109
143
102
128
141
113
134
137
140
112
129
136
34
104
80
76
87
105
97
122
108
103
125
81
101
107
126
127
100
124
133
111
135
32
70
78
54
79
86
66
73
74
33
75
77
85
95
121
72
94
96
120 99
98
131
123
132
26
30
69
44
31
53
68
52
84
29
51
64
65
92
119
83 63
93
90
117
89
71
91
118
15
67
24
25
43
49
23
42
27
50
47
46
28
62
60
61
58
48
59
88
116
5
14
20
13
21
22
18
40
39
19
41
45
56
55
57
4
12
10
16
11
36
38
37
17
3
9
7
8
35
2
6
1
0