12345
12344
12327
12343
12326
11714
12294
12336
12342
12325
11685
12310
12209
12334
12289
11713
12335
12293
12340
12341
12324
11598
12317
10836
12331
11680
12305
12202
11558
12304
12284
12252
11684
12333
12309
12277
12208
11709
12338
12292
12288
11712
12339
12337
12323
11581
12320
12329
10820
11592
12316
12152
12046
5627
10905
10550
11569
12314
11675
11466
12283
12195
12171
12330
11597
11554
12328
11667
12301
12303
12248
12134
10835
12332
11679
11531
12299
12308
12276
12201
12281 12263
11708
11683
11557
12291
12306
12307
12206
12287
12273
12251
11694
11705
11711
12285
12290
12286
12207
11710
12322
11576
12321
10801
11580
12319
12143
10283
10900
12318
11572
10814
12282
11591
12315
12041
5613
11595
8668
10483
10524
10004
12151
11674
11397
12147
11995
11553
10872
10774
12312
10543
11584
11565
11588
11517
12313
11377
12241
12302
11460
12138
12194
12116
12071
10819
10448
11596
11561
12311
11662
11568
12274
12198
11641 11670
12300
12247
12280
12188
12133
12045
12244
12170
5626
11707
11593
10904
11480
10549
11530
11594
11658
11550
12296
11678
11666
11465
12297
12298
12200
12279 12261
12275
12199
12130
12236
10833
11681
11676
11556
11527
12205
11677
12295
12196
12272
12271
12250
12278
12268
12197
11692
10834
11706
11704
11701
11682
11555
12204
12249
12270
12262
11703
11693
11574
10798
11575
12140
10899
11573
10278
10800
11579
12039
11952
5584
10474
8662
12142
10521
11673
11395
12141
12040
5352
11552
5607
10724
7409
11577
10868
10794
8646
10236
11571
12238
12150
11578
11509
10479
10523
10751
12139
9933
9998
11590
11396
12146
11818
11990
11985
11926
10817
11570
10896
10861
8572
11563
10482
10773
11567
11589
11359
11115 10542
10698
9834
11367
11459
11370
12191
11456
12107
12192
12035
11290
12069
11994
5558
10282
10903
10343
10818
11660
10770
11583
10871
10516
10469
11505
10864
10512
11069
11586
10418
12240
12148
12132
11634 11672
11515
11501
12149
12044
11671
11376
11391
11363
12239
12144
12136
12145
12126
12103
12193
12064
11981
12114
5612
11529
8667
11478
11560
10546
10767
10443
10856
10547
11582
11551
10447
10003
11585
11562
11664
12221 11622 11669
11463
11564
12257
11587
11630
11352
12135
12186
11639
11452
12237
12243
12168
12246
12137 12184 12189
12190
12043
12230
12166
10815
11473
10902
10816
10439
11559
11657
10548
11548
11566
11661
11659
11516
11546
11668
11655
11462
12129
12042
11665
11464
12259
12260
12185
12245
12235
12258
12187
12167
12131
12242
12115
12169
12070
5624
11689
10832
10901
11524
10544
11526
10545
11528
11656
11547
11461
11663
11549
11640
12267
12128
12234
12256
10830
5625
11691
11690
10831
11479
11699
11700
11525
12203
12269
11688
11702
10796
10898
10276
10797
12037
5579
10471
10198
8661
10519
10277
11393
10799
11950
10719
10867
10795
11508
12038
10891
5271
10897
5583
8415
8634
7403
10472
8637
10235
10477
9922
10520
10749
11394
9994
11803
9671
11988
11982
11946
11761
3377
10857
5346
10473
10722
10272
11354
8150
10772
10859
8459 5606
10793
7385
8569
11365
10226
8640
11458
12022
10540 11113
12105
10680
9932
9500
11369
9811
10478
12036
11454
11816
9928
12067
9997
9154
11989
11800
12031
11983
11924
5437
10281
5575
5183
10329
10709
11504
10481
8029
10518
5536
10470
10791
10715
8658
8565
10870
10789
8645
11632
11356
10862
10517
10886
9833
8627
8964
10230
11512
11499
11106 10480
10739
8271
11392
11357
12106
10688
10676
9989
9916
12125
12034
11951
11366
10541
10745
11457
11279
10966
11285
11455
11383
11794
11809
12068
11984
11288
12087
11992
12012
11919
5610
11476
8666
5602
10790
10768
11503
10866
10336
10222
10860
10895
10769
12218
8623
10865
10792
8571
10813 10522
10858
10475
11067
10476
10666
11507
11358
11513
11496
10409
10511
11109
10669
9913
11633
11375
11355
10416
11098
10696
9986
11494 11373
11389
11361
11963
12101
12099
12058
12033
11332
11374
11349
12102
12060
11987
11434
11275
12111
12112
12061
11986
11980
11993 12055
12097
11977
5351
5557
5611
10441
10723
7408
10843
10894
11477
10341
8665
10324
10280
10766
10514
8560
11619
10854
10446
11302
10466
10771
10468
10750
10509
10001
10464
11620
11625
11511
10850
10863
10515
10403 10507
11446 11061
10002
9830
11627
11364
11353
11497
10539
11638
11628
11387
11368
11386
11500
11498
11817
12182
12124
12032
11637
11453
11451
11362
11388
12081 11514
11318
12228
11979
11617
11419 11390
12104
12164
12062
12063
12123
12110
12100
12066
12059
11991
11925
12113
10279
5555
10762
11468
10764
11471
10853
11470
8664
10513
10465
10442
10765
10869
11609
10508
12220
11502
11543
11544
10855
11114
10510
10538 10467
10697
10000
11653
11351
11621 12217
11626
12219 11624
11385
11510
11450
11495
11631
11629
11371
11372
11360
12180
11289
12232
12162
12181
11978
12227
12098
12165
12183
12163
12057
12229
12109
5608
5609
11522
8663
10435
10438
10342
11472
10763
10852
11475
11469
10440
9999
10445
11541
11068 10444
12253
11651
11545
11542
10417
11618
11652
11350
11654 11623
11449
11636
12265
12127
12266
12255
12254
12233
5623
10829
11521
11523
11696
11467
10437
11697
12264
12231
5620
5622
10827
11686
10828
11698
11687
11695
10274
5577
8660
10717
10196
10275
11948
11941
10890
11949
5268
5578
8630
9919
8404
8636
10233
7402
10747
11802
9992
10260
4772
10718
10273
5270
12020
8148
5582
8568
8398
11112
10679
10192
8631
10234
10268
10748
9663
11936
11945
5428
5576
3371
10327
10702
10707
10721
8655
5031
10787
10712
8659
5342
10271
10884
5336
10223
9921
7373
6984
11815
8457 5604
8408
8632
11813
10225
7380
8639
9477
12030
9920
7292
11947
9483
9809
11783
9926
11798
11797
9993
9145
10183
9669
11921
11943
11912
11759
908
10197
3330
4366
10889
10716
8562
10893 5161
9832
5263
12021
8633
8140
8027
8413
5525
11101
7832
5345
6765
8563
4664
8145
8395
7384
10737
10733 8643
8629
8946
11277
10252
10686
11104
7376
9991
8783
10738
10673
9918
8626
8606
10228
9498
5605
10685
7763
10674
10582
8269
11282
9803
10743
12086
11092 11790 9931
9131
9490
11793
11381
11806
11812
12009
9659
11287
9927
9152
9140
11774
11923
11903
11944
11922
11878
5435
5260
5182
5580
10333
10704
10270
8587
5581
5330
10708
10232
10332
11063
8644
8620
8628
10711
9870
8132
10407
10812
8023
10665
7399
10788
10735
10713
8635
10231
8453
5534
11111
11103
10882
9917
9988
8570
10637
11491
8962
8625
8521
9968
8941
10224
9796
12018
10414
10746
10678
9915
8638
11329
8257
8955
8616
9474
12019
11960
11096
10694
9930
9990
11043
12122
8264
11281
9470
11811
11801
9793
11347
9908
9996 10593
10742
10684
9925
10624
11432
11814
11792
11807
11266
10964
10649
12085
9896
12028
9125
12011
11942
11284
11278
11799
9981
11915
11283
11796
11862
12029
11917
12008
11216
11235
11916
11893
5349
5423
5573
10841
10269
8414
10306
5571
10328
5327
10784 7407
11297
10208
10720
10322
5520
10663
8567
8657
5603
8015
10880
7368
10461
10706
10705
8564
10334
11033
10221
10849
10504
11108
11445
11065
10668 10785
10714
11054
8566
8621
12213 11490
10567
10408
10885
10682
9929
10881
10786
11064
11066
9670
8542
8642
8248 10218
8497 8935
11110
11105
10883
11094
10677
11102
10695
10683
10672
10736
10671
10229
11327
11492
12119
11810
11506
11961
10413
11100
10395
10675
10741
11007
9923
9924
12178
9855
11269
11346
11344
10415
10610
10687 11256
9995 9952
10661
11330
11272
11270
11380
11795
11080 12226 10744
12053
12006
11273
11433
11274
11805
11808
12094
12007
11382
11202
12084
12096
11975
11974
12054 12065
12010
11920
11918
11760
3376
5556
5572
10760
5350
5179
5600
10340
10320
10220
8149
5574
8476
10703
8656
8458
5598
11299
7406
10710
10326
10331
8618
9825
10809 12211
10398
8641
10335
8561
10981
12212
11057
11300
10318
8622
8624
10227
9499
9810
10847
10400
11059
10810
10734
10462
9831
9911
8619 8555
10505 10401
11099
10402 10503
11444 11058
10692
10664
9987
9914
9984
11615
12079
10811
11095
10740
10681
10693
10670
9985
9912
9153
11414
11326
11488
12078
11343
11316
11315
11962
11959
11097 11024
12172
11616
11416
11493
11418
12158
11325
11489
11431
11276
11345
11791
11342
11804
11331
11328 11417
11280
11271
11430
11348
12175
12121
12159
12118
11286
12155
12052
11973
12120
11914
12093
12095
11976
5436
5348 10892
10761
10758
5599
11520 10293
10840
8558
10219
8028 5601
5535
10323
8617
11606
10459
10842
10330
10321 10385
11607
11649
10500
11301
11538
11296
11474
9829
8559
8963
11533
10846
10536
10502
11443
10662
10463
11298
9910
10460
8270
11107 10537
11062
11442 11060
10399 10501
10667
9983
11644
12215
12117
11537
10848
10406
11093 10506
10691
11645
12177
11314
10412
10965
12225
11413
12077
11412 12160
12156
12216 12080
11448
11317
11614
11384
11415
11268
12174
12173
12157
12176
12154
12179
12056
12224
12223
12108
5347
5548
5553
10431
5554
7405
10433
10757
10432
10759
11518
10339
10319
8557
11539
12214
10534
11536
11647
11605
11608
11650
10535
12210
9828
11535
10851
10397
11056
11534
12153
11646
12222
11648
12161
11635
10826
10823
5552
11519
10430
10434
11642
11532
11540
11643
11447
10436
5619
10824
10822
10825
5618
10821
5621
10194
10187
10195
11940
5266
8401
7401
10258
8147
5427
10701
8654
4764
5267
8397
8342
8400
10191
9661
10267
11934
9642
11939
10888
3367
10259
10193
5340
7369
12017
5018
5334
8455
8357
9476
8402
9662
6978
11935
7379
11780
9482
9807
12027
9144
3264
4352
3370
5265
8025
5523
8371
8945
5026
8137
8403
4770
8126
10732 5339
10250
8144
8392
10579
8407
10189
7830
5335 8351
6962
8603
8456
8406
11091
7371
6464
8268
9406
7277
9788
9481
11779
9808
9633
7290
9666
11932
9111
9667
10181
11909
11756
11751
903
5216
3481
5432
5264
3322
2834
10700
8583
10256
9867
10783
10777
3327
4355
8653
10257
8135
8399
4760
8083
3921 7394
10878
3032
8410
8130
7372
5159
12015
7400
5269
8008
5226
10731
10634
8518
9497
9966
10265
5029
8143
8026
5524
9129
5341
9494
6749
6982
4655
10251
8391
8781
11788
6202
7370
10190
11782
4191
5344
6754
4652
8602
6971
9800
7383 9452
9130
10266
11773
9495
9593
9420
7375
7761
9439
11378
11787
9658
11771
9487
9489
9778
9801
11931
10165
12025
9151
7285
9136
12004
9488
9347
11933
9653
9150
9137
11901
10175
9121
11877
9668
9611
11758
11910
11736
11757
5417
5422
5181
10303
5569
5433
10188
3329
5259
8651
10699
4346
8584
5338
10808
10780
10781
5262
4364
8652
8146
5014
8396
8018
8412
10876
10879
8961
8387
8939
8138
10577
8115
5333
8960
5254
10728
8252
4645
8452
5532
8019
8020
8899
8389
11041
5483
7826
6763
12014
6959
8952
9806
8940
8451
8136
9906
5531
9330
8393
8411
7965
11090
9660
8261
4662
8615
8951
9480
8614
9473
10248
8233
8331
11263
7382
10591
9464
9278
7741
10960
7345
9746
8775
10580
10620
7270
8604
9469
12026
8254
9802
10647
7755
9149
9892
11089
11781
10578
10621
9656
8262
9479
9496
8244 8213
9805 9081 8920
11265
10646
11778
9893
9143
9135
11997
9313
11214
11769
9366
12001
9728
11858
9980
9139
9665
9577
9291
11233
11902
10941
9138
9063
11875
11911
11770
9098
11876
11908
11848
4771
5426
3363
10839
10887
5308
4339
10207
10205
5332
5329
9869
5337
7307
5154
5518
12016
5434
5498
7947
5331
5202
10246
11030
9795
8013
8585
8129
8405
7367
5519
11052
10564
4637
8454
8139
8449
8021
8012
10778
8844
7378
5343
8540
10729
6742 5321
8600
10632
10563
9868
10247 9472
8142
8931
8134
10392
8394
9388
10589
7377
11004
9763
8539
10727
8267 10216
10635
8256
8519
10633
8494
8944 8493
9475
8950
8599
8516
9965
8959
7986
8098 8390
7359
11324
5513
7324
11341
9852
10619
11954
10730
8255
8605
11487
8517
9492
8954
9967
9478
10249
9493
9467
9804
9791
9040
9799
11957
5533 8447
10607
11255
9950
11337
10644
10581
11042
10576
9124
8253 8601
11482
8953
8887
9486
10925
9798
12013
11955
11264
10962
11428
11088 11786
9895
11379 11087 10659 11789
9142
10622
9664
9128
8263 10954
8199
9485 8868
9713
9261
11425
11339
12003
11079
9907
10961
10645
10590
10963
9148
9134
11999
9657
11213
11768
11229
11860
11857
11859
9979
9894
11772
11232
11230
11900
11176
12083
12024
11971
12000
11215
11234
11899
11969
11891
12002
11874
11755
11892
3375
5420
3317
5030
5257
8471
10302
5516
5431
5261
9822
8473
10304
6983
8586
5596
8581
8011
8409
5570
5258
7929
10873
10976
8133
8388
7398
10449
10315
10805
5292 5326
10497
8515
10561
8247
10455
9865
11031
8582
8141
8022
8024
5522
5530
7381
11292
8827
7291
10806
11053
10631
11441
9964
10877
9866
8934
8131
8176 8017
10391 10776
7374
10456
11953
8537
8554
8958
8943
10565
9491
8612
9963
8514
8450 8000
11485
10604 10492
11001 10874
10636
10630
8260
8520
8495 8949
10215 8251
8492 8938
9792
12023
9797
10182
11322
11321
10394
11251
11002
9904
11005
9948
11334
11040
10657
10779
9854
10782
9127
9851
9655
8538
8266
8613
11153
9484
9468
10609
10393
11253 11422
11250
10875
10689
10658
10643
11003
10588
11039
9889
10623
9890
9853
10618
11613
11406
12082
11309
11996
10608
11078
10606 11262
9951
11254
10592
9905
9949
10660
9978
10642
11429
9891
9977
9147
9133
11408
11486
11198
12051
11861
11261
10648
12092
11426
11201
11200
11968
11338 11199
11231
11424
11856
11212
11423
11228
12049
11998
11965
11970
12050
12005
12091
11890
907
5408
10756
3374
5174
5567
5256
4365
10837
5324
10305
5160
10292
5430
5421
5472
5180
10775
10838
8474
10204
5568
5328
11295
10301
7397
7366
7831
5325
6764
11291
4663
10978
9824
8128
8472
10206
5517
10317 10325
10313
11436 11032
10975
10452
10979
9823
10457
5597 8448
10363
8014
8016
11481
8782
10488
8536 10498
10214
8491
10977
9794
5529
11484
7762
10410
11051 10316
8552
8535 10495
10566
8957
10560
10562
11440 11029
8937
8490
9471
11483
10532
10486
12075
11335
11438
11312
9849
11956
11050
8553
8250
8496
8948
9466
9790
10803
11022
11320
10493
11310
11308
11336
9946
10453
9850
8541
8259
10217
11304
11958
10405
11407
11023
10489 10603
11252
10804
11006 11427
10487 10390
11000
10496
10656
9947
9123
12073
11306
11077
10404
11249
10605
10807
10959
10690
11404
11402
11307
12076
11311
11966
10411
11400
11411
11319
11401
11333
11410
11340
11197 11972
11421
11323
12048
11913
11967
12089
12090
5546
5178
5419
10754
5323
5550 5594
10291
10424
8470
10802
8475
5595
5515
7365
11293
10382
10753
9821
8010
11604
10384
10383
10980
10458
10312
10491
10531
11439
8551
10337
10974
10533
10450
9827
10451
10314
10499
8246
8933
11611
11398
11603
12072
11294
11305
11313
10528 10526
11405 10844
10529
10454
11420
9982
9909
11612
10494
11409
11021
10490
11964
10845
11399
11403
12074
11267
3373
5545
5547
10428
10752
5177
10338
10423
10426
10290
5551
10485 10425
10422
10427
11602
11437
10484
10755
10530
10381
11435
8556
10527
11303
11600
10396
11601
11055
5544
10421
10429
5549
9826
10525
5617
5616
7404
10420
5615
10186
11938
4762
8339
10255 3365
5016
4754
4763
8338
8356
10185
10264
6976
9640
11937
4350
8368
8125
7829
5213
10253
10254
8082
7393
3259
3366
5023
4990
6961
5022
4767
7274
8349
8355
8340
9402
6931
6975
9629
11775
9403
9787
11929
6462
9109
7289 7237
10179
9641
11905
11725
5415
899
3319
8647
2504
8649
3479
2820
4354
4748
8367
3325
8341
4351
3262
10262
4759
5156
8779
10245
8007
5224
6746
4654
4768
10570
5007 4998 3369
3901
8124
8337
9590
5017
5024
6951 7276
10263
6753
8350 6977
4649
9632
9417
9450
6942
7759
11086 11930
6458
9107
6968
9776
9436
8765
11927
7226
9344
7275
9639
9630
10159
10180
10111
11748
5424
867
902
5214
1713
4761
8577
4326
9862
2814
4344
4917
8370
3320
8384
2387
4360
2829
5012
10726
3252
8896
5480
8112
5250
5133
6981
3024
10239
8780
9326
7962
3326
5147
6980
3915
8123
8369
8354
9592
10163
7816
5157
5028
6648
9449
6903
5158
9405
8598
5746
11037
7825
6747
6974
3030
11776 11085
8592
6967
5025
8230
6665
8328
4769 9902
4935
6192
9275
4631
7343
9744
6748
8212
4651
6966
9079
4603
6200
4189
9118
9435
6448
9786
4650
7731
6691
9777
10164
9651
9418
7760
9404
9437
7281
7282
11765
7255
9343
10172
9120
7613
9110
11898
9631
9652
7283
7212
10150
9608
9108
11870
10174
11928
7266
9609
10131
11734
11750
9562
11906
11749
3342
3364
5306
7303
4343
4272
3321
5215
3473
5015
4349
3244
8578
5496
7943
5199
4641
2832
4362
9861
8841
4757
4333
4952
8080
8365
3357
8383
5020
4345
10628
10242
8511
8895
9785
3328
8081
7822
8110
8122
8366
6761
3895
7392
4643
6973
10574
8385
8075
4361
5021
8589
8507
4288
4766
6852
8509
9959
9962
7737
4735
8347
6758
8121
3919
8111
5251
10240
8006
5252
11084
9957
9774
6708
8228
4590
8097 8595
6726
9327
5107
9462
10243
9401
4181
8771
5481
8348
5225
11082
4661
6759
8741
6957
8241
7178
4642
8915
9419
8327
4971
8597
7739
10571
9274
6186
7961
8773
7750
7341
7273
10613
6760
11260
4660
9312
7593
6970
6969
7678
8917
10261
4528
9342
8588
9588
9400
9463
9745
7738
9438
9528
9784
7288
7801
9309
7700 4659
6920
6611
4615
9883
9627
6881
9591
8916
9628
9726
11766 9451
7751
10938
7752
10641
9885
10098
9575
9976
8243
9363
9364
9346
9362
9775
10171
7640 8313
7284 8756 8064
11784
7200
9059
9106
9310
11764
9289 9345
9727
11221
10173
11854
7721
9097
9060
11871
9606
9290
9020
11872
9096
9119
9185
11845
11735
9610
11873
11747
5414
10297
5560
5416
5211
8573
5565
10203
10299
3368
5212
4348
5305
2807
4765
11025
8648
5425
10201
4338
5019
9858
5010
5479
5122
5495
7944
3299
7391
5222
7305
3017
4359
11048
5152
9954
7396
8079
8005
5200
6960
8386
8532
8929
8501
5153 4543
10626
7959
8591
8512
6596
9384
8928 4758
9387
8898
10212
7828
8113
4648
10569
4636
6956 11777
9036
4363 7782
4314 5013
8650
6738
7356
9329
4900
7984
10389
8484
9385
9325
8897
9761
7272
9760
7269
7824
8004
5319 6752
5223
8886
4644
5320 6745
6958
11785
8209
9038
8719
7983
8232
5510
8594
9448
5521
7963
10989
8330
9277
5482
9434
7321
7823
9901
5253
7915
7654 6762
8884
6965
7573
9077
10921
9587
10614
8608
9961
10241
8445 8231
7358
9447
10572
9328 7982
9898
7344
9416 5511
7754
10992
9272
7960
8325
7322
9741
8774
7740
9743
7287
9846
8195
6637
10952
10640
4569
8865
8609
9887
9589
9076
9361
9772
8444
8229
9415
8329
9276
7753
11242
9432
7342
9940
9433 7749
8772
8993
7280
9873
11852
8196
9712
9307
8242 8211
8864
8590
9080 8918
9258
9884 9257
8210
8919 9078
9773
9725
9340
9886
9649
10178
9650
11752
9239
11210
9700
11225
10615
11896
10573
11038
9057
11895
9574
9974
9288
9341
9365
11867
11907
8432
11175
11222
10939
9973
9094
11227
9880
9971
9093
9117
9062
9605
9058
9576
9311
11224
11869
10940
9975
9061
9607
11208
11763
11847
9095
11223
11844
11846
11733
11887
11886
11889
11754
11866
11904
11753
5362
895
5406
3263
3277
5413
10295
5563
3318
4337
4756
8579
3324
4253
5150
5591
7306
3323
5493
4635
4353
5395
9864
6463
3309
8575
7941
8381
7927
5247
9817
5307
4358
5027
4342
10725
8843
5155
4507
10554
10237
8823
5290
7945
7928
6979
7304
6741
5248
11035
5198
5011
8171
5509
8839
9759
8824
9863
8108
5289
5497 8114
9857
7942
6744
5201
8382
4653
11026
6964
4640
8527
5090
7980
8173
8324
8610
8778
9383
8842
9742
8840
8487
7340
5478
8109
8524
8809
6757
5249
6751
4647
4658
11081
5456
10575
8530
7999
8930
8227 8529
8485 9323
8482
8094
8481 8894
7964
9273
8506
9960
7958
9762
7339
9838
7866
9899
8504
10995
11247
8193 10238
10584 11150 11258
11239
8882 10587
10923
9710 9945
10557
9842
9958 9039
11083
9845
9859
8499 9035
10162
8096
8443
7981
9324 8095
5526
9460
9386
9271
7758
9461
7323
9740
7279
8593
11248
10652
9942
8862 8478
8502
9879
8486
9874
10924
9256
10655
9037
8226
5512
7357
8326
10600
10990
9936
11762
10616
11849
9573
10953 11075
8198
11259
8867
8863
8885
8508
9955
9306
8500
8883
9709
9260
8510
9888 9075 8914
10922
9255
8208 8240 9903
8913
10244
9359
9724
10170
10585
10596
11245
9941
9876
10996
10568
11853
9141
11897
9843
8596 8197
8866
8194
9308
9259
9711
9287
9360
11189
11865
11209
11076 11072
9878
10653 11174
11220 11238
9944
11226
9056
11191
11074
11173
11211
9900
9875
10937
10586
9092
9881
11190
11193
11885
11767
11850
11219
11207
11888
11894
11868
11206
11884
906
3480
5171
3362
2833
5429
5172
8467
10199
5303
3316
3920
5196
5470
3031
5304
4341
5009
10969
8580
8464
7302
5566
4357
10298
9860
5561
9816
11027
7946
5494
5592
7926
5197
10362
5151
11046
8463
10558
10971
6201
4190
7361
5527
5492
7940
5288
5317
6955
4639
8574
11049
11045
5588
8170
9956
10552
8825
8826
8822
5564
7821
10310
6756
10987
10998
9819
7997 8534
8546
8576 8174
8549
8093
8175
10629
9381 8488
8513
8838
7363 7355
9757
7320
7268
5291
10308
5318
10985
4657
10955
10988
9856
11036
8533
8526
8927
8442 10213
8172
9382
7979
5508
9758
7736
8770
10555
8505
10993
9953
8522
10625 11151
8942
10991
9844
10209
9848
9034
10617
9847
7998
7985
7748
9840
9841
10601
8265
11241
8548
8479
8547
9939
11148
11073
11149
11152
11246
8881
10654
9882
8503
9708
9254
8446
11017 5528
9938
9126
11855
10611
8528
8607
10627
9943 8192
8483
8861
10920 9972
10211
11016
11019 11236
10994
10388
11192
11204
11188
9839 9897
11195
11244 11034
11196
10984
9877
9654
10951
8531
8611
9937
10957 10597
11070
10602
10595
11194
9970
10997
10583
9872
10612
10956
10958
9146
9132
11185
11883
10639
11257
10638
11186
11851
11187
11218
11205
12047
12088
3361
3315
5405
5407
10300
5173
9815
10288
5469
4336
9820
8468
5149
11028
10284
5562
5589
8465
5255 5286
5471
8498
10289
9818
7925
5287
4634
8461
10361 10296
11047
10970
10294
5593
6740
5586
10360
10200
7364
10559
8821
8466
10202
10376
10375
10379
9935
9837
9122
7996 8127
8545
8169
5590
8489
7362
11015 10599
11240
8544
10651
10999
9871
8550
10311
10598
8956 8480
11018
11243
10556
10551
9789
8249
8936
9969
11020
8525
10553
11044
8258 10210
8523 8947
9465
11184
10650
10387
11014
10594
10986
11071
11237
11610
5540
5542
5404
3314
5559
5170
5541
10287
7395
8469
5418 5468
5176
10374
10972
8245 10380
10973
5322
10309
10377
10378
10285
8477 8932
5587
5514
8462
9836
8009
10372
9934
10373
11013
10968 10307
11599
905
5543
5585
8460
7360
9814
10371
10286
8543
5539
5175
10419
3372
5538
5614
10184
4752
8333
9637
3256
4986
8353
6929
6461
897
3477
2818
8335
4745
3229
3257
8120
4996
4987
3899
4753
8334
6927
6950
9395
9783
7234
6940
9636
9104
5209
4323
8363
3463
4913
3478
2502
4746
4751
8003
3261 5221
8362
3238
7815
3258
8764
6901
6455
5005
4988
9634
8346
7222
9622
6427
6456
7224
6440
10158
10109
7236
10062
11743
11724
3340
858
5210
4269
898
8359
2811
3021
1711
8360
7389
2729
8118 8074
2826
2812
2766
3912
5131
2825
3249
6948
6930
6645 6190
5145
9398
2375
4601
3826
6660
6457
4932
9782
4997
4989
3911
7225
6686
3028
9770
2998
6662
4931
9625
4628
6939
6198
4186
6928
9396
7730
9397
9431
10107
9623
7610
9392
6413
9339
9638
9105
6163
6447
7253
7211 7235
10148
10110
9635
11744
10082
11723
5412
5205
712
5206
1267 7387
865
4322
8077
8336
3440
3209
8891
901 7827
3471
1705
3255
2496
5475
2776
4914
4331
4948
3023
4985
4950
3355
4324
4743
2819
8361
4286
4694
5242
6848
8379
3248
2745
4915
4747
2791
4984
9391
8738
2369
7174
4599
5217
7812
8106
2824
6704
3727
5243
5104
4285
6850
9613
4733
9582
8224
3893
8332
7955
2385
5132
2827
3860 3839
6191
3250
6899
2988
4586
6723
3220
9618
6926
9525
10156
3900
5146
3913
6689
7589 9389
3022
7333
8239 8207
7674
4524
9739
4967
6661
6941
6949
6646 5744
9626
7607
3013 7098
4629
6445
5006
6837
6154
7697
6609
3754
9446 6816
9771
6385
9102 8911
4158
4933
6197
9443
9428
6454
8763
7233
7799
6918
9616
6174 3029
4171
9414
6878 6687
7251
4600
8310
4187
6199 10932
7075
4188
8063
4123
4722
9624
9572
9648
6688
7223
7252
6113
7609
7209
6401 10146
10157
10051
9619
10128
10149
7264
11730
7140
10108
9559
9600
10129
11742
7265
7163
9560
11745
5361
5411
3341
3254
5300
3469
7296
4270
2665
4742
7297
2831 1693
5218
8001
2817
5192
4911
4330
4325
5120
3296
3891
2813
3243
8364
4541
6591
9580
4177
2801
4949
4744
9320
8374
5229
2357
4801
8117
5219
8344
4585
4916
5004 4995
3909
3356
8740
7177
3918
3783 2828
7780
7814
4310
6705
3455 3251
4897 5244
3885
4588
6724
6647
6902
2693
5245
9585 9584
6721
4929
6947
6898
9621
3191
9527
6181
6460
8225
9411
8323
8101 7911
3910
9270
4612
7587
7338
8736
9399
9267
9735
7390
9100
6663
7813
7352
5105
6900
8316
6938
4179
6722
9767
9737
8892 9074
4627
7331
10176
10094
3914
7797
9445
8318
6066
4848
7590
6919
9581
8352
6795
7728
9422
4144
9425
7673
7335
7176
6091
2968
7221
6706
4968
6664 4587
6184
8238 8221
4970
5106
7634
6182
9321 9334
9269
4180
9614
8762
6916
3801
4614
7695
4525
4602
7220
9459
7675
6877
4526
4934 9305
4969
7543
9390
4630
6183
7638
7040
7334
9429
8753
6446
10097
9393
10145
7208
10095
7696
9300
6608 7729
8912
6690
6876
9017
9719
9358
7515
6549
8309 7637
7719
4884 6135
7611
9412
8755 8062 9722
7612
7196
7197
10155
9723
9052
4613
9019
9768
9357
7254
9333
8703
9583
10106
9408
10933
9286
7636
7608
7198
10147
9596
7459
9615
10177
9620
10130
9647
10127
11739
7720
9115
9091
7210 9103
9101
11731
9557
9184
9183
11840
11746
9603
9558
9601
9561
11741
11740
877
896
3274
852
4208
3476
889
5207
4267
4250
5299
3339
2816
5489
3260
7936
5392
3242
2648
5302
3420 8776
8837
5185
7295
5297
4271
4910
4268
4321
5130
3472
2823
7937
4232
5234
2810
8377
5193
4283
5189
2949
8380
4912
8893
5119
3898 4946
9316
7938
8890
5491 5476
9394
3295
3020
9781
3470
8104
5238
6851 3707 7388
5102
3247
5208
4626
6453
4332
5144
5121
9442
7948
3297
8373
7951
7756
4452
5129
3027
4522
8073
7778
8107
2713
4312
6736
4540
9586
6593
6897
6592
5314
4928
6847
10914
4732
4951
7351
5143
3894
8091
3354
5230
8119
8358
3892
4420
7651
7328
9264
7677
4099
7567
9732
9427
6972
5236 7173
8717
8716
4311
6707 8777
7811
4898
6659 5315
4287
7973
6644 5316
8090
5246
5477
4284
4965
6849
9072
4734
9755
4178
6497
8216 7976
5074
8345
7820
8116
6635
7653
7912
8002
8879
5235
7956
7592
6607
7570
7314
8739
7568
7315
9113
7953
4598
4589
6737
10948
8315
6658
7952
8206
4930
6725
8926
6185
4625
8307 9780
9378
9523 9738
8991
7326
9646
5474
8343
6632
7694
8189
9409
4568
7699
7591
9736
7332
8737
5240
10916
6685
6915
9423 7569
7175
7676
6684
7672
6875
4523
7250
9455 9235
9317
7491
9238
4484
9263
9253
9322
7957
8059
8319
7316
9338
8992
9526
9524
9644
7195
9568
7800 6634
7698
8190
4566
6633
6610
5220
7588
7727
9769
4567
8856
4527
6880
9116
6879
10931
7249
10161
9571
9617
6576
9410
9236
9299
9699
7757
7954
9698
9444
9733
9458
8312
8060
9720
7606
9779
10096
7207
9570
7798
9294
6917 10947
8908
9337
8860
9721
9612
9053 8902
9350
9602
9336
9597
9766
8431
9284
7718
8311 7635
9426
8754 8061
7639 8308
7337
7199
10144
9055
7263
9099
11728
9090
9351 9295
9280
8237
9016
9181
9717
10169
10126
11172
11835
9048
11732
9599
9285
9302
9335
9281
9018
9182
11843
10935
11839
9087
9054
9114
11842
10936
9598
9604
11837
11836
11729
11863
11882
2503
900
3338
5295
3359
7294
3275
2805
4249
3016
2809
3246
7301
4266
4251
3353
2822
5487
7932
5204
4347
5393
4503
8375
4731
10160
3307
4945
5301
5117
8834
3019
2806
8099
5231
4505
7924
4538
7298
4329
4947
3908
5186
9380
8889
9754
5283
8100
6594
4539
4308
5282
5190
6590
5194
6846
4504
4282
9765
9032
3308
8219
9377
8807
3298
7950
7330
3026
7781
5239
8878
6720
6595
4584
4964
4896
6189
5101
8906
6444
9578
7995
5486 5506
7914
8078
9413
7933 7972
5280
9457
9268
8806
5454
5188
4564
9430
6953 7172
5310
8718
7300
5089
7779
4309 6703
4542
9369
9297
4583
6719
5103
7347
8235 8164
8901 9033
6196
4185
9332
7309
7271
10167
7865
7350
8102
7864
7909 8320
6631 5232
8735
7908
7571
8378
7317
6914
9456
7572
7318
5191
6874
4521
4313
7993
4899
8923
9304
9319
10946
4966
9370
8880
8903
8855
10915
9750
8092
8768
8907
9716
8438
7910
7652
7913
7353 7796
7336 7586
11144
5237
5313
4565
7671
6606
4611
9030
8435
9301
8429 5507
8222
7734
7969
7348
5502
9734
9252
9265
8317 9232
8434 8437
8859
9441
9266
7329
9251
7968
7311
9424 9696
9352 9379
5503
7733
8989 9356
7286
8990
9355
10093
7194
6636
7693
8874
5241
10928
9707
9070
9089
9579 9246
9250
9047
9051
9594
10166
9645
8220 8218
9318
9440
9421
8322
9233
9407
7977
9234
9282
9697
7744
7745
9731
7327
7633
8752
8191
8858
9706
10949
11168
9247
9088
8850
9354
10934
9764
8905
8204
9353
8217
8440
8430
9237 8215
8321
7354
7717
11864
9046
8186
8857
9073 8909
9298
8236 8205
8904
9283
9071 8910
9718
9331
9643
10168
11166
9085
11838
9112
11841
9569
11834
9296
9303
11170 11217
10929
9050
10930
9595
9049
11180
11169
9086
11881
866
5360
5403
5203
1712
5400
5165
5167
3276
3241
2386
3468
5467
5166
5410
7386
5296
3360
4248
3294
2830
7939
5390
8376
4252
3293
5465
8819
5490
7817
7299
5391
4502
5745
5118
5116
8162
3890
9372
7732
4335
7922
4895 4755
5394
9028
7349
8925
3917
5275
9374
8922
8168
9315
8820
8766
9749
5187
5279
5285 5088
4307
5311
10358
5298 4506
4537
6589
5195
4176
7992
7970
5274
7923
8223
7919
8167
9375
9756
5453
7743
7918
9753
7310
4633
7777
5284
6735 5312
8876
11136 8203
6180
10918
8816
5473
8372 7862
5504
5228
7978 8805
8808
6954
7934
4646
5233
6743
7931
9729
8715
7994
8836
8165
11139
8854
10910
8877
10919
9349
8833
9069
8103
7819
8441 7863
5488
8105
6750
5281
7818 7650
5455
6630 6963
7319
7566
4563
9567
7991
11145
8185
8163 8159
8088
8851
10917 10944
9752
9730
9292
9373
8835
7312
7949
9751
7735
9714
8888
9045
7974
8089
10950
8314
8924
9262
8214
9314
7967
7747
9371
7313
8769
9454
9376
7742
8767
7278
11137
11141
11171
9031
11140
11142
9249
8873 9029
9084
9715
8234
8439 9453
7975
5505 7746
10912
11203
11138
11165
8853
8188
8875
8849
10913
11167
9705 9293
8900 8184
10911
11880
10945
9248
8187
8852
9279
9348
11011
11178
11183
11879
10982
11182
11181
894
3273
5168
3311
2804
4247
5466
5484
5227
5164
3306 3312
3015
7930
7917
6952
5462
8815
9748
7267
5294
4340 4501
10355
8157
5500
8832
9368
7325
4356
5087 5008
9835
8166
7966
8087
5485
5277
4638
11147
9704
9027
7935
7920
8433
10357
8183
8872
10983
10386
8818
11146
9245
5276
5278 6755
4656
10356
11143
8161
8817
11135 8848
9703
9244
5501
10369
8160
9367 7990
8158 8921
7971 9747
11177
8436
11008
11179
11010
11012
893
5163
5402
4334
5293
5464
5169
5184
7293
4632
5401
3313
5273
7916
6739 5309
10359
10353
10354 8156
7346
8814
7308
5148
9813
7989
5463
10365
7921
10366
10967
11009
10370
10368
3358
5399
9812
5461
5272
10367
3310
5162
10364
904
5537
4750
3227
4980
6923
7231
3462
4749
2500
3236
4981 8761
6425
856
1709
2726
2762
2488
6925
2501
3237
3228
2374
4994 4982
3822
6424
6924
6438
7217
7230
10154
10103
6412
6362
6439
10061
11722
4319
824
857
3437
3206
4976
4738
2774
2725
4974
4691
5127
1685
7808
2996
6641
1710
3723
2763
3226
6893
4595
3836 5141
3823
6654
4977
6426
6946
4624
6161
7219
7726
6836
6679
6815
7603
10105
10060
10104
3336
4264
700
2662
4907
3148
863
837
4740
1701
3438
862
3207
3461
3225 2365
4991 4798
4739
4975
4692
3351 1265
1660
2741
7810
2478
4737
6896
6922
6890
4730
6459
1702
2984
7095
2495
2742
7809
2789
2761
2727
2788
8733
6935
2383 7228
3170
3858
2260
4983
3219
5741
9520
2764
3235
6149
2366
3751
6642
6381
5003
3857
2334 3218
3824
2985
6677
4922
5000
2382
6655
6150
6279
4927
2314
4156
6678
7071
3011
4120
6173
4169 3750
6383
7604
6410
2997
6423
6409
6307 6111
7073
7218
4719
7247
10049
7215
10143
7232 10139
5736
6162
6437
10137 6324
7206
4003
10121
7229 6399
7138
7262
9555
10059
10080
6349
11720
10081
11721
875
344
3474
4207
4261
3333
4903
4317
710
4908
3896
3435
3460
4741
3475 848
4320
4978
1259
2493
1598
2773
3208
2728
8072
3234
6887
5001
1691
3721
3352
8728
4281
864 1676
7807
2368
2799
6698
8760
4581
5125
6717
3635
3724
1703
3781
2987
3087
3820
3882
2690
7214
2219 5094
6845
7581
7664
5128
2775
2765
4921
6656
6061
3748
2787
2373
4516
3779
3454
3838
2293
3881
1621
7583
2689
3725
3821
3188
4594
2353
4621
4118
2462
2743
6834
6699
6152
4844 5137
6384
4845
2367
4979
6793
6657
4623
7668
4142
6088
2966
6422
3837 7790
5743 6944 5142
3825
6681 7541 6700
6912
7688
6682
7074
7035
6894
7666
4519
3010
7097
6451
6436
3663 6040
2384 7789 4992
5726
4596
4963
8301
7582
3129
6814
6605
2237
7584
10046
6380
10153
7689
2986
6653
5868
5742
8293 7623
6108
6933
6868
10101 10089
4597
6913
3797
7687
6172
6151
3752
8058
6411
4157
7512
5844
6546
7622
3012
4881
4052 4121
5955
6680
6160
8049 8747 7248
2929
4720
6397
9565
4170
9012
10050
10141
7245
7715
6109
4122
8751
10138
6398
7193
6011
10140
7260
10047
7136
10123
6110
7605
10122
10021
9546
10124
10102
7261
7137
9553
7161
11831
10119
10079
7162
9551
11738
3332
795
4258
2499
3337
855
692
887
2536
2644
6450
1690
2946
2645
3418
3204
2356
4689
4230
4940
3439 2663
8076
2661
1577
2760
4262
2724
817
4450
6945
6844
3345
1704
4939
3572
5139
3289
3286
5124
7169
4726
3436
2798
3205
2759
4919
6651
4937
6639
2896
9512
2599
4799
4993
1700
2574
5135
8729
3777
3348
2207
8732
3452
3704
4693
2494
6672
7216
4690
4593
3216
2744
7771
4904
4328
4304
6650
4972
4943
2381
6889
4416
4905
2364
4318
4154
6934
4973
4139
4729
6643
2995
3780
2710
3856 3835
3726
7902
8730 1635
6452
3884
3819
6667
3722
6842
4278
3187
4717
10099
2800
6493
6064
4582
5071
2790
6892 6701
5814
4958
4924
4923
3795
3904
7904
2877
4618
4083
6060
6718
9519
6086
9516
10092
10087
8713
2691
5095
7692
3883
7542
6733
2688
7725
7667
3189
7038
6714
9514
4954
7662
4577
6885
6921
7094
3691
2629
6833
6063
3800
4846
5138
6153
7631
4141
7645 7600
4517
6813
6794
4168
7554
6089
6087
5100
2965
6408
4155
3859
4609 7511
6891
7794
3217
7665
7539
3979
6132
6864
6936
4520
6872
7096
9015
4961
7241
7070
8988 9066
6159
6443
7227
3798
5002
6675
6835
6171
6062 5136
3753
6148
8305 7621
4143
6910 6907
8304
3749
2967
6382
8052 8746
8056
6859
7205 7170
10090
10135
6863
8701
5915
7513
7792
9228
3608
6547
8292 4959
6937
6544
6867
7037
6640
10151
7036
4619
7069
6683
4119
4718
8759
7189
7791
3799
7787
7629 8298
7713
7456
7628
7691
7239
6668
7192
8699
7663
7244
4592
8700
7135
4925
6134 4882
6545
4883 6133
6112
7072
4610
4721
8051
6400
7203
10118
7714
7422
7457 6674
6869
6669
10142
10045
10048
7134
7711
8303
8748
9179
7599
7190
7257
10125
10152
7160
7716
7458
9009
7139
9171
9547 9550
9554
10100
9556
7710
9180
7630
10136
11737
9549
9172
9177
10116
7259
11823
9548
9552
11826
5358
5409
876
854
3269
3270
4206
1708
4316
4245
3334
861
3203
2660
5386
4265
3346
3905
5113
3253
5379
3434
6187
4536
3417
6840
6586
3283
4263
4941
888
3466
2948
7165
5126
2664
2772
4279
2646
2786
4448
2372
4796
1692
3290
8725
4229
3703
2687
3335
3215
4496
8709
2740
4259 4298
7776 7804
3304
6693
2785
5092
7769
4736
5097
6731
4622
6194
4182
4097
2964
4797
3879
2712
5140
3705
7171
7894
8734
3720
7646
3287
2947
3291
4888
2983
3009
7552
3186
6734
4305
7774
4892
4302
5096
4572
3347
6895
8803 8200
4841
4418
3888
4415
6652
4449
9522
4800
2709
3778
7644
3834 3349 3855
7889
8731
7898
7649
6670
3880
4293 4300
7585
2982
7577
4512 4518
7658
7670
8710
9025
4728
6494
4906
4999 4894
6732
4909
6702
7168
3897
6791
4417
3906
4842
4098
9518
6090
4140
7597
3288
6379
3747
3782
2711
6188
7772
7903
3453
7767
6715
4299
2692
8070
6909
6603
7683 7558
7490
6888
3190
7553
6943
6588
4481
3008
7560
4879
7557
6673
7243
6449
7669
5072
6495
8727
5073
6625
4960
6065
9226
6147
4843
6792
7555
8085
4558
8987
4153
10088
9695
8711
8071
7806 6694
7770
6628
4574
7686
4955
6710
6627
7489
4483
4920
10926
6886
7488
7805
4562
4560 6543
6932
4578
7033 4956
6193
6871
6862
7034
5093
4617
9007
7240
4117
6396
11726
9230
4847
8086
6905
7895
3796
7624
6170
4556
9067 7890
8048
3350
7708
7167
4167
7559
7213
7562
6857
10091
7188
4514
10133
6911 6574
7690
6629
9213
4561
6695
7540
7514
4482
7538 4573
6870
4962
5099
6542
7039
4183
6195
8980
4880
4184
6107
8984
7184
10115
9515
8428
6624
7578
8302 7626
4607
7723
9694
7632 8297
4513
4559
8055 8749
6866
7659
6602
7625
6671
7258
8698
8702 7246
6575
8424
7510
4926
8294
9214 9221
6548
9702 9011 9010
9689
4620
9513
10086
9242
8047
9691
8054 8745
9013
10132
9042
9517
7191
7602
10120
7682
6676
7709
6865
7724
4606
7455
11824
9545
10114
9223
7618
7601
9173
9176
7617 8300
7186
9175
7598
8296
7793
11164
7242
11159
11829
9174
9043
11727
8427
8053
8057 8750
7627 8299
7707
10134
7204
11822
11830
9008
10117
9014
11828
11820
9178
9082
11825
10927
9083
851
860
2492
4205
3271
4242
1699
4901
2659
5383
2643
5387
4238
4244
5111
3280
2815
2945
2647
3419
4534
6581
2363
4942
3240
4228
3185
2797
4576
6712
4498
4571
4243
2380
4257
6884
4315
4497
3279
6441
3303
5114
4231
3451
2708
2686
5384 9064
8829
8069
4579 4260
6697
4902
6711
3284
6587
4414
6713
4447
10083
3776
3305
3706
8800
7906
3292
3878
8830
6908
4605
5451
7575
8723
7563
4493
5740
8712
7773
3902
5085 5069
5110
4938
4957
4451 5098
5068
5112
4413
3344
3903
5123
8978
2963
6843
7785
7860
6622
4889
7556
4727
7647
7564
7905
7657
6582
6858
4891
4277
5086
4303
6496
4306 6492
5134 5070
8797
4944 4419
3907 6059
9216
3794
7615 8295
5448
4138
6085
8983
8707
9511
7202
9521
10084
4591
7861
4294
5083
6728
7648
7899
4557 4533
4608
6583 6623
4616
4280
7561 7681
4174
6841
4918
4480
11133
6176
6638
4175
9564
7897
7852
7853
9218
8801
8985
9225
8291 7619
8046 8743
9688
8979
7185
4511
4301
6696
7795
6573
4580
6649
6178
6716 7487
4893
6729
11121
6873
6177
6131 6442
7988
7901
9222
7858
7643
7661
9227
6617
9231
8846
7549
9219
7580
8726
7706
7888
9692
7891
9229
7166 6618
6860
7548 8724
6666 4554
8306
8050
7656
4575
11126
9026
8869
8986
9170
9041
11819
9006
8426 7896
6626
6619
7680
7788
7685
4553
7712
7579
7900
6861
6906
6604
7660
7786
7238
4515
7576
11156
9065
11163
8981
9690
9693
9217
8982
8845
8201
9169
10085 7620
7684
11833
11832
9215
11162
8181
8425 8202
9220
8179
9068 9224
7705
7616
8744
7187
7256
11821
11827
10908
9566
11157
11161
9044
711 874
891
3267
1266
886
3464
5359
4256
4241
3272
5398
1689
3886
3416
2642
4492
4172
4246
3282
5380
4276
5388
2355
4725
5115
3916
2808 2944
4494
4239
3302
4500
6839
6175
3018
3467
2821
3465 3702
3245 2707
5459
4510
8812
7164
8714
4295
7765
6730
4297
4499
8799
8802
5381
4490
7641
8796
7546
8706
4936
5084
7775
4327
3285
10352
3281
4096 3887
3025
7892
8152 7851
5449 5082 10942
6620
7856 7907
5385
4532
4495
7887
4489
5452 6601
6904
7565
7547
6856
4173
9563
3889
10351
9024 9023
9687
7183
7857
6584
5081
7893
4292
4555
6585
4570
5091
11128
11132
8870
11125
9241
9212
9240
8831
10906
8977
7768
4890
7766
4296 6709
4535 6692
4953
6179
9022
7854
8423 11122
8798
11127
8155 9211
9701
5450
11160
8153
8178
9686
7551
8708
4552
4604
11124
11129
7859
8180
7550
7642
6621
11118
11154
11123
11119
11155
10909
8871
11158
10907
9243
8182
8847
5499
10943
5357
3331
5397
850
3239
892
4237
3343
5378
4488
5382
3268
5108
9021
4531
4291
4887
6580 5389
2803
10345
5447
8828
4240
8813
11116
4551
8804
5109
10350
7855
7850
8084
8795
6616
10349
8811
4491
11130
10348
11131
8177
11117
6727
11120
8154
2802
3014
4236
3278
8810
5458
4487
10347
5080
11134
10346
8151
7987
5460
3266
3301
10344
890
5396
5457
3224
3459
2486
3232
6420
6435
6361
11719
822
2718
1684
2993 2447
2757
2487
3814
3233
6421
6158
6360
6434
10058
10057
698
3146
834
3431
3222
4685
1263
1656
2476
7091
2720
2758
3168
2257
3815
2331
6277
6419
6406
6323
3458
3427
647
2721
3201
699
1594
3715
835
823 8758
1655
1534
3810
2770 3633
2719
2256
3083
2784
2217
1657
2477
1683
3833 1249 3853
2311
2976
2485
3812
2737
1264
6829
2783
3169
2992
6142
6416
4150
3816 3851
3231
6275
3737
3223
6304
2332
3742
6374
4108
6812
3660
6144
6431
7063
2081 3006
4713
5734
7064 6169
4164
6407
2312
10036
6100 6306
6359
4001
6433
6430
10056
6245
10076
11717
6348
11718
2497
792
342
2533
3197
708 4678
3432
2753
2716
1255
3147
2484
3429 3428
673
2748
3202
3571
2498
1476
4792
707
4686
4682
2597
846
4679
6415
1551
1595
1674
1682
3719
1223
3805
7090
3717
6429
2474
4724
836
3634
2795
2259
3084
1257 2288
1619
6882
2722
1675
2979
3772
1658
3817
2754
3450
6278
3182
9503
2736
2738
5866 6145
2054
6826
2290
3736
4835
6790
2352
2185
6378
1241
6808
6369
3214 6405
2977 6037
6053
5723
7068
2235
4113
4000
2289
6831
1618
6143
3848
2330
7537
2258
7025
2351
2460
10044
4706
6830
6038
6417
2156
3126
2978
1968
3127
6274
10054
2333
5842
6167
4109
4048
4151
6371 5953
3743
2994
3007
6102
10037 8276
2234
2313
4114
4714
4165
5704
4050
5952
2927
9004
6303
7060
10039
2001
6322
2440
6392
6105
6008
6168
6393
6418
5735
7128
7131
6231
7125
7129
4002
6103
6432
9543
6346
7159
6347
10077
10055
10078
11716
10075
86
872
4203
1706
729
3194
336
2656
3424
793
821
2532
883
613
2658
2715
3413 2371
4784 7802
3144
697
2894
4225
3198
3433
688
2990
1406
4788
757
3145
1592
1573 1681
3711
815
4687
3195
4441
3221
3430 1258
2749
1707
2723
2203
2215
6838
4793
1596
1659
709
1197 3830
1574
4683
3425
3765
3806
814
7086
631
3457
3876
2769
3631
1825
2571
8067
2570
1616
7722 1256
3166 6049
2678
9509
4131
6076
1593 3849
1654
3763
3445
3771
2781
5809
7089
2475
3847
6156
3199
2873
2232
2961
1510
847 8068
2292
2796
3085
6052
2127
2771
2204
3745
6883
2218
3082
2329
4836
9506
779
2216
3446
2255
3212
2459
3875 3854 6039 3659
2981
2732
2755
5810
1927
7532
2874
2778
4082
3183
3818
4822
2747
2681
7058
7054
1634
3167
6051
3716
4838
3769 3764
6373 6372
4135
3976
6146
6789
6082
4046
2350
6078
3004
2973
4137
3852 5667 3499
3661
3689
2627
5725
7503
2750
1888
3791
7024
1455
6782
6273
6539
7023
4130
4828
6083
6276
4110
2310
3793
5912
2291
3843
3811
1617
6811
3744
5841
3807
5865
6127 4867
5950
3739
3403
6375
6302
10034
4152
6824
3738
7506
3662
7062 6533
2236
7056
5724
6099
4875
2980
3125
2233
6367
6077
4715
7065
6010
6806
3731
4710
6403
6080
6414
2991
5762
7504
3605
3553
3813
6529
8288 7057
4049
5867
8035 7533
10032
6305
5951
10041
8040 7088
2926
6321
6854
6428
6536
4876
8278 7452
4115
6006
6370
8034 8692
6395
4116
8696
3999
6534
4166
6126
7507
5843
4051
2928 10040
8997
6157
7121
6394
7133
6390
4711
10020
10019
9544
6345
7451
6101
3740
6009
6007
7119
7124
6129
7127
4112
9534 9540
7154
10074
10033
7157
10038
7158
10073
6106
9159
9538
10113
7132
9535
9541
7156
9537
4200
691
2653
4255
794
833
8066
706
2534
884
2473
2731
2780
3411
2752
2491
1653
2972
1572
4223
2639
3213
2733
3570 3200
3080
1696
4444
4220
2202
6365
4794
1597
3196
1575
3844
2677
3871
3699
3230
3809
2596
3632
2206
4823
1632
3732
2349
6137
4408
4403
3081
6780
2254
4407
3174
1673
2768
2717
3767 3775
816
5812
2684
2876
7884
2970
3873
3178
2895
4079
2360
7013
4399
3123
2309
2598
2739
6485
3630
4785
6050
6827
2572
4680
6054
3086 2205
5064
4827
6057
2287
3444
3974
2328 3735
6138
4832
6785
2672
4148 4134
4681 2925
6402
3177
3773
2756
3448
3688
7534
2683
5058
7877
3877
5808
2751
7535
7061
5811
8287
3001
4081
3181
2377
7030
7018
4405
4092 4105
3124
4707
7092
4274
6486
5065 4789
1633
6828
3712
2971
3872
4831
3758
4837 2679
3803
6056
1620
6787
4839
6376
3866
8279
4132
6166
4162
6807 6075
3713
4684
2461
3804
3975
6079
10029
9504
8690
3690
6487 6490
7869
2734
2626
7527
6368
7508
3658 6036
2875
4824 8283
7028 7026
6125
7066
6097
8043
2962
6855
8968
8757
3766
5914
3447
5911
9208
3831
6055
3874
7016
3607
7486 8274
3718
3977
3604
4476
3808
4136
3978
3746
8976
3179
5864
2974
8031
10035
3000
7449
3005 5954
4047
8694
5733
2924
2628
6035
6140
6599
6524
7499
3128
4871 6124
8998
6540
3787
6809
6532
7027
4111
6786
3733
4716
3850 5913
7536
3606
6530
4868
2682
7596 7483
8042
5840
4708
4045
5949
8045
7087
8691
10042
7019
7123
7093
6155
6389
10030
4709
3792
6537
4877 6130
4833
6810
6825
9001 9002
7421
6165
4878 6128
6104
6139
6832
6404
9680
4149
6377
6005
8687
9542
6571
7454
7528 8041
7015
3002
7450
6522 8285
4106
8281 7020
7784
7453
6523
9168
7029
7059
4874
6095
6598
7130
4107
7120
9531
8277
3741
4163
8693
9166
7126
7595
7155
10043
7500
4872
6538
7055
4712
6096
7067
9682
9532
7446
9161
9160
9164
7445
10031
9162
8999
9539 9536
7704
7122
9165
8282
9533
7201
871
5356
696
873
791
1695
2359
2636
880
2941
4204
3422
1262
3410
2535
2531
813
2640
845
2637
3414
5366
2378
4221
1591
4201
3408
4226
3709
4677
2633
5737 3698
2794
4446
1687
4438
2779
5371
4723
4091
2458
1576
1672
885
3760
2975
2673
3867
2652
4688
5367
2714
2893
2595
3569
4440
2569
6044
1697
3729
2214
1615
6578
4443
4790
3426
4795
2362
2654 2657
3762
3193
3701 3832 3846
2746
3423
3412
4080
2676
3003
2872
9508
2370
4103
7085
2989
2573
7879
7883 5054
6480 6579
4394 4275
5061
4093
2286
4409
2706 2703
3695
4410
2348
4094
4128
2942 2959
6072
6084
6364
3768
2793
3774
8791
7871
4442
7885
5813
2625
8721
2871
2361
2231
4705
6488
6058
4404
4787
3700
4829
6823
4224
3175
4095
6781
9502
5067
4133
6081
6805
3710
2671
8697
2735
2782 3687
5807 2685
7484
7485
7021
4479
7530
4400
3184 4078
7868
6527
7032
7481
4396 8290
5722 2379
8037 4437
6094
7574
7525
7053
2958
6388
4786
3759
5066
4791
2680
3842 3829
3714
5739
2674
4840
3868
3211
3603
8974
3180 9505
3973
5441
5738
7594
8973
7878
5059
7505
6481
6047
4886 8422
6783
7482 7870
6569
7497
4475
5055
7880
7803
4289 5056
4146
7509
4406
7531
4869 9685
4478
4395
6525
6528
7014 6853
4826
4477
6071
7031
3730
4147
3770
9203 9195
5910
9209
8273
3845
8722
4473
8970
8975
8688
7443
7872
8036
8686
8695
7118
4104
6572
6482 6570
4825
5063
7501
6046
3788
6784
6541
4127
6141
6535
4830
6073
3734
4161
4873
6788
6045
6366 3789
6136 4129
2960
8969
9507
7153
3449
6566
9201 9199
9205
7477
7478
9678
7447
8033
4472
8289
9681
7702
7022
7444
9163
4870 6122
8280
7655
4509
9530
6164
4834
9192 8996
9679
8972
4545
9156
9005
6567
8420
6531
7703
7017
4547
7502 8284
6123
7526
4548
8044 7529
6526
6098
6391
8416
9200 8275
9000 9003
9204
9157
8039 9158
7180
7181
7448
8689
8286
4508
7679
7498
10112
8995
8418
9167
8038
7182
8419
9196
7614
8742
5354
790
881
705
853
2489
2632
4199
3192
2938
5375
4234
1254
5364
812
2943
1571
4219
3210
2641
882
4436
4202
4783
3442
3756
3173
9510
5370
1698
5372
7874
2940
1694 2201
1631 2490
4398
5445
4393
4125
2638
2655
2634
2767
3870
3869
8794
2358
4401
8065
4530
4820
3785
4412
4821
6043
4445
6070
2777
2730
2376
8787
4471
5373
8720
7849
6489
6484
5060 4222
2702
3696
6491
3790
2939
6779 4411
2969
8994
9501
8790
7839
5442
7480
9207
7475
4866 6121
9683
6597
7012
7544
3864
5062
3757
2704
3176
3443
3865
2675
2999
8792
8966
7840
7847
5057
6568 7845
4474 9210
7875
4402
5078
7476 7783
4439
6521
4090
7881
4550
4126
3761
9188
9191
7836 7843
8967 8788
8032
5443
9674
8272 8030
6483
8421
5079
4549
4397
4529
6074
6048
3786
7842
7841
9189
7846
9675
9197
7882
4546
9206
8971
9684
9198
9155
7179
9202
6613
7479
8417
7876
4544
6614
6600
9676
9193
9190
7701
343
690
1686
4198
2651
2354
5355
4254
5376
3407
859
3415
8704
4235
4218
3694
2670
3172
5365
4273
4089
4435
2957
2705
4227
1688
5368
7886
4392
5446
6577
2635
3409
8965
5052
7844
5053
2792
8785
9194
4486
5369
9677
4470
7764
4290
6479
8789
7835
5076
7873
5374
7867
3697
6615
5444 6565
4885
9673
5440
9187
8705
7848
7837
8786
6612
7545
2631
5377
2937
2701
8793
8784
7834
3300
5077
4485
7838
870
5353
849
879
4233
5363
3265
5439
5075
2482
820
1680
2446
2483
6357
6358
10053
3142
3456
644
830
1646
1531
2251
1648
2471
2306 1248
3164
6267
2326
6299
2079
5731
6356
6244 10071
11715
340
3143
2480
669
552
4668
1475
645
1588
7083
2467
832 831 1550
1530
3629 2253
1220 3074
2445
1647
1649
2472
6272
3165
2078
2481
5863
2050 2304
2183
6821
6298
6268
2252
6355
7049
6264 3996
2327
3994 1965
4695
10052
6320
727
819
2524
3137
610
328
2891
4674
341
3139
1679
1586
1405
754
4672
2213
581
1650
671
7078
3624
1218
842
3158
670
1643
646
1670 7081
1822
2469
1238
1549
843
3075
1141
2278
1532
2323
3070
2248
2347
1669
1508
1671
2049
3651 2468
1651
1608
5715
3161
2153
2277
1221
1613
1247
2229
6031 3654
2305
2051
2184
6804
6260 6262
3159 1175
3119
6269
3498 6817
6032 2280
5839
2346
1966
1612
6294
2456
4702
6799
3655 6033
5700
4031 1240 2324
3120
7043
5717
2154
4040
5946
10027
2080
2922
2421
6316
5836
5701
5940
2000 2307
6003 6296
5645
6293
3997 1999
2439
6319
6354
6230
7114
6243
7109 6341
6342 10070
6343
5732
7147 6339
6344
10069
10066
84
333
826
2527
2465
302
464
1639
334
4780
3061
3566
611
1589
599
643
687
314
2590
1473
1404
755
3627
1533
1194
629
2244
3066
1587
1652
4669
1821
686
1565
827
1567
811
4670
1377
2593
3626 3619
1069 1222
1474
3160
1924
510
3076
3138
2565
3077
2562
2247
1529
2466
2320
2479
672
6818
1644
2053
2470
2123
1736
5797
3062
2301
4816
2864
6258
6800
4077
844
2284
1195
3071
1607
2282
5859
3162
1640
1219
628
6291
5799
4802
1678
2866
1963
6770
4703
1509
6034
5718
1317 2125
3625 3628
2124 3827 6778
1110
3647
7044
6266 6265
2344
777
2228
3963
7005
2182
537
1997
2453
2279
1667
5665
5862
1885
1630
5834
6297
1883
1925
7047
2283
1451
4039
4033 3109
6802 4699
6988
2345
2454
5939
2077
5761
3684
2623
2052
5716
7003
7046
2274
3402
1239
4696
2302
3117
5995
2917
3995
3652
1782
6261
2281
2230
1884
6803
1610
1452
1967
1362
7524
6822
1964
5943
3114
6300
2299
7042
5907
4032 3551
3116
6514
2325
5703
2249
2308
3992
8680
2438
5838
6028
4042 10028 4041 2155
6509
5997 4852
2923
5942
4044
2919
6318
6263
6228
5861 6002
10023 5947
5702
5998
4037
1998
7111
5944
6315
2921
10018
3998
5720
2303
7045
7104
6229
7117
10067
6295
10017 7110
7152
6338
10072
5996
7112
6000
6340
3993
7151
7146
10068
694
788
4197
1260
2528
2521
4666
728 335
1582
642 609
828
695
4675
2525
1638
3140
1561
4776
2587 4781
3562 3828 4214
2526
2243
627
2196
2211
809
612
668
2890
4667
2298
3405
1403
1472
7080
1246
1590
1665
1824
1562
839
1568
4774
1820
1261
2181
4431 6797
1548
756
1196
3067
3621
2272
3078
1583
2250
1566
3136
2566
2197
2321
2343
1677
3141
4773
1666
1506
4777
2126 829
5802
1823
2868
4812
5792
5798 6776
4817
3567
3862
2558
4671 1629
2048
4159
3110
4072
3400
6270
5793
2451
2437
2563
1664
1628
630
5855
3072
2200
1563
1882
2273
1641
3969 1454
4074
7050
3966
5729
1923
2861
5948
1507
2592
6026
3657 6023
2246
3681
3063
2865
5721
2564
2047
3683
5801
2619
7077
4076
7007
2867
6027
2198
2180
3113
7082
1604
4378
3065
6257
3990
6819
2285
1645
4803
3497 5666
5901
5837
1614
1887
2615
1926
3970
7002
1450
5803
6773
4863
4035
2457
4071
5829
2152
1962
6775
4704
6290
10015
3685
3653
3620 2620
1609
2624
778 7523
3656 6024
3068
3964 5041
2268
5719
6771
3157
3121
3549
3073
3122
2319
2340
2245
3401
2455
6004
6994
4806
1996
5906
1886
3682 3677
6517
3600
5831 3595
6511
1453
4034 4026
3599
5794
6777
4864
7474
5938 5936
4467
5835
5860
3802
4028
2914
5935
2225
3112
2300
6314
6271
7076
2954
7518
5760
4853 5905
3598
3552
6995
5941
2275
2322
3550
3163 3591
6507
7004
3968 4810
2918
6001
5699
5991
7115
7106
7051
8683
2913
6025
3648
2622
3840
6992
3649
4043
6259
7516
2920
7079
7101
7116
10016
6337
3991
5903
6502
3596
1611 6512
5832 4857
7048
6504
4859 5857
6518
5994
4700
5856
6292
5934
4038
5999
8681
4145
5730
6301
7442
4854
7420 6510
7441
3118
7495
10025
6997
7103
5990
7150
4701
10065
4027
7429
5830
6317
4029
2915
6119 4856
7145 7149
10024
4102
4861
7108
5992 6387
7113
4160
7436
7105
7148
4698
7438
10026
7144
6093
7107
9529
785
4195
726
789
2520
786
3135
818
4196
4216
4676
667
2888
2529
2463
2650
840
753
702
4425
2934
685
1663
808
4432
4211
1402
1605
3565
2267
2557
1217
3156
805
1569
2860
1252 4388
2856
776
1237
3568
2559 3623
2199
2567
2522
3060
3617
1558
2269
2341
4376
1505
5800
4384
1819
5787
2122
6769
5804
4818
2226
5712
4075 2892
2591
1584
2594
2276
1642
1564
4379
3079
1581
2464
810
4427 2342
1637
6987
3962
1922
1449
6473
2586
5049
5795
2121 841
3563
5050 2616
6029 3645
3679
4819 2857
2870
5788 3841
1627
4069
2193
3108
2210
2242
10022
7084
6474
5042
6469
4373
5037
3965
5898 6477 6475
4385
4372
2695 2859
3959 7006 7008
4030
6768
1881
6520
3594
4024
2889 2952
6796
3972 4673
2916
5854
2297
2588
2271
3064
3686
3650
2560
3618
2212
5038
3069
7041 2318
4380
2869
2339
1603
4387
4100
4426
1668
5904 4804
6772
5790
5046
4805
5664
5909
4809
6515
5902
2614 2697
4778
4858 5796
3967
6820
3602
6801
2955 2862
4814
2667
5828
3971
5933
4036
4459
5945
2224
8685
2621
7522
3622
6470 6990
7520
4466
6500
6999
6996 6998
2270
6068
4697
7440
7010
7418
5993
7052
5989
7009
3678
3597 4813
2617
5714
5908
5789
3111
4068
3601
2858
7430
6030 3646 4865
2227
3115
5713
7465
8675
8677
8674
7100
6562
5900
7519
6508
6563
4855
6516
7419
3592
5048
4775
3960
6798
7492
4807
6989
3708 3961
6513
5858
4862
2953
4025
7143
6557 6555
6022
7439 7434
6116 4462
4461
8682
7428
6386
4101
7000
7432
5899
6519
4860
4815
5937
2956
5833
8678
6556
7433
7437
6503
6993
6991
6118 4808
6092
3728
6363
7435 8676
7102
7493
6120
7494
7517
4193
339
703
1250
608
693
2530
684 806
1580
1557
4212
3421
2192
626
2209
787
825
4210
4434
4194
4665
4782
1193 704
3561
1602
3059
2950
2450
1253
1570
4429
2933
4370
4390
6766
4389
1251
2223
2589
2523
4368
4213
2698
5045
2863
4070
5806
4073
3107
4066
5805
1559
1585
4428
2568
4430
807
4424
3957
7011
3958
2912
4779
2668
2195
3675
2618
5051
5786
3863
6117
4085
8684
8673
1662
6478
6041
4381
4377
2936
4469
6506
3590
4468
4215
6767
3564
2561
3680
2338
1626
2194
4460
7471
2266
1606
2452
7427
2951
6985
5043
4374
6774
3693 6561
3593 4465
4067
5897 4386
4811
2935
4464
7472
7468
7001
4458
7464
6115 4382
7521
5036
4087
4371
4851 6114
6499
6564
2696
3676
5047
5791
2699
2669
8679
4456
6558
5039
7469
5040 6042
6559
6471
4463
6467
7496
6069
4088 3784
4124
6067
4375
6505
7466
7431
6986
3755
3441
6554
7470
6501
9186
332
2519
4217
1556
4422
2887
701
2191
4433
2585
1625
2556
838
5034
6465
2649
4391
2855
2931
6476
5044
2613
1560
7467
4086
7463
2700
4383
6560
6466
3692
5035
2666
3171
4457
4850
4423
6472
3861
6553
7473
4369
6468
9672
85 868
689
784
4192
869
2930
3404
804
4209
4421
4084
878
2932
4367
2694
4455
2630
3406
5033
5438
7833
2444
6353
640
1525
1245
3134
1471 550
641
1522
2443
3155
2072
2074
6351
6352
3986
723
3130
3131
326
662
578
1210
661
1546
1233
1526
1139 2037
1214
6253
2149
2041
2178
6284
1173
1959
5693
2075
2419
6313
6242
6336
10064
82
299
461
280
638
1468
597
1527
1400
748
327
3150
1812
3055
579
1215 1470
1519
551
3038
1376
663 665
1066
664
1919 1137
2043
3151
506
1547
1211
1523
5851
1171
1212
1735 6255 3616
1952
1504
2038
1232
1524
2179
1028
2175
2442
5853
2147
6020
2040
1316
2073
3104
2070
6252 6283
2042
5691
1953
1995
5759
5823
1960 4015
1174 1990
3092
1955
5928
3987 1236
2420
2905
6312
2150
5644
5980
6310
1994
2436
5696
6227
10014
6223
6241
6335
6350
6333
6334
78
83
724
635
606
2512
359
298
2513
312
230
657
2885
683
462
1464
1397
1244 1186
549
300
639 325
3045
1816
3056
3132
1809
2173 623
1544
1401
750 749 399
598
1734
1518
636
260
3559
1065
1497
682
508
3153
1140
1815
681
3051
2033
580 2581
1216 5847
1187
1106
3039
1917
1814
659
313
5727
2069
3043
1501 666
1067
2045
1469 507
2028
974 2115
1188
2114
6287
2849
2119
1138
431
2170
773 3399
2417
3643 6021
1315
3494 5660 1190
3046
1872
2116
1213
625
3395
1107
1961
2174
3052
536
3984
1948
2039
1545
1779
2117
774
5694
1868
3093
2176
2044
1444
3946
1520
1989
2911
6256
2148
1875
5824
1108
1871
3100
1442
3152 1004
1956
1445
2034
3101
535
1172
5932
2177
6222
2433 2076
5827 3642
5661
1780
1954
3545
1874
1361
5692
1360
6018 6249
1234 3098
5988
2907
2418
4017 4016
3539
5825
2151
4020
6281
3989
2434
5695
5979
5984
2144
2906 6224
1992
1958
2071
1991
2435
10011
5981
1235 6311
6285
2909
5643
6225
1986
6240
2902
5983
4023
6226
6254
5698
1993
5923
6332
3985
5970
3983
5728
6286
10063
721
2508
782
2516
653
2882
744
3558
1392
460
1207
301
3560
607
3036
463
577
1396
1528
2580
658
2584 1494
1805 3057 1808
505
745
2553
1398
1189
1543
2579
1467
751
680
3555
654
622
1914
637
5778
4063
534
2541
2239
799
1375
1068
1813
2550
2032
1393
2027
2118 1136
6280
2842
3040
1191
1918
3610 6017
2545
2143
2315
1313
2848
3097
3047
2551
1866
1733
3943
1438 3105
770
2840
1170
1498
1502
509
2120
1465
5850
1399
624
2046
2029
5781
2851
1521
1463
1208
2171
1358
1243
1517
3674 3614
3048 5662
1495 1500
2607
1879
660
1314
2612
1878
3044
1867
1109
2112
3947 1447
1810
3053
5770
1877
1949 1951
3106
1915
3154
1920
2145
1231
3988
5757
3041
775
5822
6247 6248
3540
1441
3639
4019 3612
5687 1778
3089
3546
2316
5779 5925
1359
1624
1435
3397
2903
1912
1988
1987
5688
2068
1499
2031
5888 1873
1443
5889
5895
2107
1439
1876
5817
1446
2603
3951
5707
6288
1957
2035
5975
2844
2169
2295
6289
3644
3495
1869
2609
1781
3547
3543
5883
1862
5973 1916
3096
3588
2908
3103
5697
1947
3953
3982
5887
3589
3671 4018
3094 3541
6250
2030
4021
5982
5922 5852
3398 3099
5929
2900
5921
6221
6246
2240
2910
1985
10012
6331
1440
5978
4007
3102
3584
1950
2146
5987
5968
4011
5985
2296
8672
5758
5820
3544
6014 4013
7416
5690 2317
2904
5689
10013
6330
5972
5926
5976
5977
3641
6309
6251
2901
5710
7099
5966
5969
5849
4012 6282
4014
7142
5821
337
603
2517
324
2208
783
338
725
655
3033
459 2514
1205
2510
2515
1229
3133
746
596
722
1391
1462
604
2884
5705
634
1578
679
2542
2554
1804
800
3058
504
2221
1911
2509
677
5768
2238
4062
533
1811
2110
1064
1818
2106
2881
2036
5783
771
2111
2294
1817
2172
619
3556 1192
5780
752
6019
656
2853
3933 1434
3090
1105
1861
1946
2852
1496
1394
1209
747
2845 1466
3950
2108
1184
5784
3954
4065
3394
4008
1206
3955
2220
5930
1984
5919
3396
2432
2583
2547
1807
1870
3049
3615
1579
2543
2850 1863
2608
3493 5663 5658 2552
801
1448
3054
1921
5965
2898
1230
1503
1542
2841
5886
5708
5773
2843
5769
2337
2546
3557
2544
3537
5826
2241
3034
2263
3149
5706
3538
3981
10010
3496
1493
2610
2109
3944
1806
5848
1880
2168
3948
772
3939
4059
3945
2026
2222
3580
4056
5986
2883
5931
5894
2604
6012 3672
3042
3611
3095
5772
3037 3542
4061
1865 1636
2336
5756
2190
6013
2262
1436 2449
3050
1913 1601
3548
3934
5967
2142
3938
5893
5892
5882
3585
3669 3667
3940
5775
5774
5890 5927
2606
4009 3952
5819
2846
4060
5765
5918
5816
4022
5659
2611
1864
7415
3581
5974
5971
3942
5846
2899
5964
5711
2605
6015
3640
3613
5709
3091
2264
1600
8670
8669
7141
5885
7417
5879
5920 3586
6498
5818 3941
4010
5924
7424
7423
5884
6016
7426
2506
297
330
311
2577
678
620
1183
1390
2886
2555
1803
605
652
5782
2538
4057
2187
5764
1910
2582
802
1492
2113
3936
2837
2261
3668
1553
2511
3609
1622
1437
1860
2854
1433
2880
1395
1185
5877
2601
3949
621
2188
3956
2548
1554
2897
5771
5891
2847
5766
2578
3554
5896 3638
1599
3035
2539
2448
2105
803
3583
5881 4849
3935
7414
4006
3937
2838
3673
2265
2549
2335
8671
5880
5777
3587
3582
2602
5878
4058
5767
5776
3088
1661
7425
7460
3670
6551
7461
81
780
329
720
2505
781
602
2518
2879
2186
797
331
743
618
2537
796
2836
769
1623
5785
4064
3932
676
2576
2507
2189
798
5032
2839
3579
1552
4454
4055
2600
1555
4453
3666
2540
6550
7462
6552
2441
546
1513
2064
321
572
1515
1134
454
1516
278
322
1461
573
547
1374
1514
1129
1163 2021
2167
1165
2063
2066
1027 1944
5680
1983 1169
2415
5642
6238
6239
6329
76 717
291
358
1459
309 193 1242
227 455
544
293
1389
738
279
593
1731
396 323 1732
1135
1056
498
2058 258
575 574
2024
2060
1026
1541
1099 1060
497
1131
2165
2410
2022
1164
1130 973
1311
2023
429 3389
2138
5683
2015
2416
2067
2140
1775
1945
5641
2411
2166 1166
2431
5681 5682
1982
2413
6216
2427
2061
6217
10007 6237 2429
6220
3980
716
66
77
451
294
136
1388
456
226 568
1800
733
292 1539
257 739
493
228
2012 308
1385
181 594
277
1905
548
1373
1061 397
295
1055
1126
595 1489
2134
971
1512
576
2025 1097
2007 495
1303
1202 2101
2162
1729
532
1160
1057
501 499
1128
1490 1488
569
259 500
5653 926
1801 1941 529
2065
545
1098
2100
1312 1058
1308
972 1162
2102
430
766
310
1851
761
1025
2056
5755
2009
1773
2139
2013
1304
5673
1002
1357
1428
1423 2016
2160
3491 5679
2131
1853 1101
1350 1429
531
1103
2059
2098
530
1167
1133
1937
1776 1003
2008
3525 1102
1856 1355
1356
2141
1418
1161
2414
1770
1942
3526 1353
2135
2018
5639
1228
2430
2412
10009
5684
1979 1168
6308 6219
2428
2062
5676
6214
6218
1940
1976
6236
2057
5685
2136
5640
6328
6326 1978
6327
5678
319
718
1198
448
734
1381
1225
632
357 590
1793
276
489
229 452
1802
457
1900
570
2017
320
2164
296
1540
741 740 1052
395
449
1124
1934
543
1203
1386
1460
736 735
1728
1382
1199
1158
1200 428 633
2163
1059
398
494 1903 1797
503
591
453
1062
1908
2132
3488
1132
1224
1536
1100
2104
1302
2103
970 1307
1898
490 1795
767 528 3392
5671
1935
1980
2055
1485
3492 5654 5845
502
1850 1796
2094
2158
1769
2019
571
2086
1422
1431
2003
3387 762
1859
2096
1975
1349
1001
1351 1430
617
526 4054
2409
1372
1309
496
1857
1053
1127
1904
768
2088
5655
3535 1104
1415
1840
3925
1125
1981
1491
2011
1774
1204
2014
1305
1537
1424
2089
1771
3519
1352
1730
1777
1180
3521 1095
1843
2161
2010
1201
1974
6212
1159
2426
1852
3637 3531
1426 1486
2133
1844
1943 1854
2159
2090
763 1354
1906 1938
1511
2004
1458
2137
1226
3391
5754
5674
1310
3528 3527
3489 5650
3532 1427 5917
1846
1419
4004 3393
1936
5672
1901
1907
2129
1977
5675
10006
5686
1227
1772
1425
5963
3523
6215
5961
5959
3577
6213
3533
1845
7412
1939
2005
10008
6325
5753
3534
5960
5916
5677
2130
5957
4005
288
1379
225
1790
648
256
1481
592
458
289
318
491
1051
742
307
1387
2093
764
1093
2087
650
1177
2091
527
1094
1727
1371
450
1063
3636
2095
1841
567
5649
1178
1909
1383
737
1535
1306
649
1417
1301
1837
3390
1896
5656
1482
1794
1384
1855
2099
2002
1457
1432
1348
2020
1768
2425
5751
1054
1899
2128
5815
492
3529
1420
3522
1836
3536
1412
1791
1933
10005
2092
1181
5870
765
651 1096
3388
3928
5956
1973
1897
1848
5651 3490
1858
1483
1799
1847
1416
2084
1842
2006
2083
1798
2157
3520
3576
3929
3575 3530
3930
1838
3524
5763 5752
1902
1413
1487
1538
7411
5958
5962
3931
5875
5652
1849
7413
5876
5872
79
714
75 600
80 2878
287
730
719 306
1176
447
615
1378
601
2575
1789
731
715
488
1895
2835
290
2097
614
3922
525
1835
1411
759
1179
675
3386
589
1484
1792
5657 3487
616 732
674
5871
3927
1414
3573
3518
2082
1480
1380
3923
3924
5869
3664
1839
1421
760
1182
3926
7410
3574
4053
2085
5874
5873
3578
3665
541
274
562
1121
1153
1024
6235
72
356
540
220
192
275
1726 1123
564 563
390
1022
1122
1023
1152
1154
2408
2401
5638
2402
2424
6210
64
445
73
556
135
217
251
542
1370
221
253
271
1041
1119
565
391
179
482
1043 966
557
1084
487
967
1044
1300
254
522
1087
925
968
1291
425
1021
1765
1155
999
1339
1151
2406
2403
5636
1156
6233
2405
6234
1970
5637
315
440
46
354
269
446
65
558
316 108
222
1456 74
134
441
1114
191 538
178 386
1722
1145
218
1045
1724
223
481
584
1147
1048
272
1785
422
392 393
566
252
219
180 1287
1892
1295
270 474
1042
1089
965
560 559
387
924
962
426 317 3381
1019
2399
1369
1120
1083
1298 485 483
1759
997 1037
1086
1046
423
255
586
1116
273
523
1763
1288
1085
969
1932 1292
427
521
1146
1115
1346
477
1929 1725
2407
1148
539
1766
998
1756
1337 963
1090
1294
524
3484 1000 5634
2400
1341 1972
517
1020
5750
1299
1347
996
5669 3503
3511 1091
1342
6205
2423
1157
3384
1760
1344
1081 6206
1930
2404
1149
1118
1761
6211
1969
5635
6209
1150
6207
1931
6232
5670
214
585
283
249
133
475
1033
177
1720
1367
442
1049
224
553
1077
388
1478
1293
355
394
215
1283
268
1047
484
960
587
561
424
285
961
250 1928
5749
1038
1088
1296
476 478
443
1034
554
520
995
1113
1092
305
2422
1757 3485
389
1290
1723
1764
1076
1284
1828
1035
1343
1787 1338
1144
1340
518
1767
1079
486
1334
3512
3506
964
3385
5668
1335
1971
1754
1080
1721
2398
1479
1289
1368
1297
1039
479 3504
3513
1117
555
3383
6204
1894
1758
3515
1345 1409
1285
1832
1762 1829
1082
1891
5748
3507 3508
1831
1755
3516
1833
3510
6208
713
70
281
304
437
63
1783
71
1890 213
470
353
284
282
588
248
1032
438
303
1784
5646 3482 385
1075
472
1719
519
582
1050
1889
421
516
3382
1477
216
1282
471
439
3379
286
1753
1826
3517
1407
1333
515
1036
1366
480
583
444
3501
5647
1078
1830
1786
1286
473
3380
5747
1893
3514
1336
3509
1410
3483
1788
758
1040
3502
1408
3486
1834
3505
1827
5648
266
352
190
267
1017
1018
2392
5633
60
205
132
208
243
380
174
958
1016
2394
350 44
264
434
209 61
130
1718 107
373
189
206
171 210
381 382 173
242
265
245 1365
955
175 374
1012
1112 418
957
1013 922
1276
246 413
2397
1751 923
992
959
419 415
2390
5630
953 2391
514
1014
994
1329
2393
990
1015 1142
5631
2396
1143
5632
23
200
45
1364
127
106
211
62
169
375 131
351
383
201
261
207
946 172
128 1279
1111
176
414
950
240
188
948
244
1278
921
170 1272
247
1747
956
377 376
1752
420
203
989
262
1716
1277
991
947
1280
416 1323
954 378 1332 467
993
951
241
1011
263
1744
1325
988
1273
1330
1327 952
468
2395
1717
2389
1748
1745
1328
1742
1749
1073
1074
1743
6203
67
432
58
68
197
43 348
433
237
239
1714
1715 370
126
59
168 212
1269
513 69 411
202
384
198
1363
435
129
1741 1029
945
371
238
199 417
349
1274
465 987 1750
1270
412
1326
436
1072
379
204
1739
1070
1320
512
1321
511
3378
1030
949
1281
469
372
1322
1746
1071
1331
1271
466
1031
1324
1740
1275
3500
187
1010
54
125
347
40
55
123
186
105 367
161
163
1007
943
166
404
920 985
1008
1009
5629
22
120
41
56 364
103
368
158
124
104
936
162
121
167
184
165
942 365
918
159
409
944
919
935
405 160
939
235
2388 185
984
407
986
940
236
982
981
941
1006
5628
7
51
345
21
232 38
361
117
42 52
194
369 102
155
57 39
157
931
231
406
122
933
234
164
118
401
53
366
195
917
980
156
402 410
119
346
937
983 362
932
408
233
196 1318
938
979
403
934
1268
363
1319
1738
1737
183
35
115
101 150
1005
20
113
36
116
99
100
149
154
152
147
915
148
182
916
930
978
47 6
18 32
110
48 19
37 142
97 144
33
114
98
151
34 49 400
977 153 913 360
143
111
50
929
914
146
927 145
112
976
975
928
29
17
30
95
96
141
912
5
26
15
138 31 16
109
92
27
93
137
28
94 910
139
911
140
14
91
4 24
12
88 13
89
25
90
909
11
3
9
10
87
2
8
1
0