12345
12344
12327
12343
11714
12326
12294
12336
12342
12325
11685
12209
12310
11713
12289
12334
12293
12335
12340
12341
12324
10836
11598
11680
12317
11558
12202
12305
12331
11684
12252
12284
12304
11709
12208
12277
12309
12333
11712
12288
12292
12338
12337
12339
12323
5627
11581
10820
12320
10550
10905
11592
12329
11466
12046
11675
11569
12152
12316
10835
11554
11667
12171
12195
11597
12283
12314
11531
12134
12248 11679
12303
12301
12328
12330
11694
11557
11683 11708 12263
12201
12281
12276
12299
12308
12332
11705
12206 11711
12251
12273
12287
12307
12306
12291
11710
12207
12286
12285
12290
12322
11576
12321
5613
10283
10801
8668
10814
10900
11580
10004
10483
10524
11591
11572
12143
12319
5626
10543
10774
10872
11397
12041
11674
12315
11595
12282
12318
10448
11377
11460
11517 11995
10819
11565 11553
11588
11584
12147
12151
11480
10549
11641
12071 10904
12116
11670
11662
11568
11561
12194
12138
12241
11596
12302
12313
12312
10833
11465
11550
11666
11658 11530
12045
12170
12188 12133
12244
12247
11678
11594
11593 11707
12300
12198
12280
12274
12311
11692
10834
11527
12130
11556
12236
11677
12261
11676
11681
12199
12200
12279
12275
12298
12297
12296
11701
11555
11706 11682
11704
12268
12197
12196
12250
12278
12205
12272
12271
12295
11693
11703
12204
12262
12249
12270
11574
10798
5352
5584
10278
10899
11575
7409
5607
8662
10800
11573
12140
10236
8646
10724
10474
10521
11579
5558
8572
9933
9998
10751
10479
10523
11952
10794
10868
11395
12039
11673
9834 10343
5612
10698
11115
11818
10282
10542
10482
10773
10861
11396
10896
12040
11590
11509
10817
11552 11571
11578
11577
12141
12142
11069
10418
8667 11290
11926
10469
10512
10770
10516
10864
10871
11370 11359
11456
11367
11459
11985 11990
10818
11563
11589
10903
12146
12150
11567
11570
12139
12238
5624
10003
10443 10447
11478
10767
10856
11363
11376
11501 11994
11391
11505 11515
10546
10547
11634
12035
12069
12107
11671
11586
11672
11660
11583
12192
12191
5625
10439
11473
11352
11452
10548
11630
11622 11639
11981
10816
12221 12064
10902
12114
12103
10815
11669
12126
11463
11551 11564
11587
11562
11664
11585
12193
11582 11529 11560
12044
12145
12136 12144
12149
12148 12132
12239
12240
10830
11524
11546
10545
11655
10544
10832
10901 11689
11462
12166
11464
12184
12230
11548
11665
11659
11661
11668
11657
12043 11516
11566
11559
12189
12190
12168
12186
12246
12243
12137
12135
12237
12257
11479
10831
11690
11691
11461
11549
11640
11547
11663 11528
11656
11526
12042 12070
12115
12169
12187 12131
12167
12185
12129
12242
12245
12235
12258
12259
12260
11688
11699
11700
11525
12128
12234
12256
12267
11702
12203
12269
10796
10898
3377
10198
5579
10276
5271
10277
8661
10797
5346
7403
8415
5583
10719
10799
10471
10519
5183
7385
5437
8459
8150
5606
10235
8634
8637
10891
10795
10867
11393
12037
8029
5536
9811
9500
9671
5575
10226
8640
8569
9922
10272
9994
10722
10749
10472
10477
10520
11950
10897
11508
8964
8271
5351
9154
5602
10230
8627
8565
8645
9928
9932
9997
10329
8658
10715
10709
5610
10680
11113
10478
11803
10281
10540
10473
10793
10857 10859
10772
11394
12038
10966 7408
5557
8571
11761
9833 9916
10222
8623
9989 10336
5611
10676
10745
10739
10688
11106
11800 11816
10541
10480
10481
11946 10789
10886
8666
12022
10470
10517
10791
10862
10518
10870
11369 11354
11454
11365
11458
11988 11982
5555
8560
10324 10341
9913
9986
10843
10669
11067
10666 10696
11109
11098
10409
10416
11809
11794
11279 11288
10280
11285
10813 8665
11924
11383
10476
10475
10768
10511
10858
10522
10769
10860
10723
12031
11357
11455
11366
11457
11356
10792
11476 10895
10865
10790
10866
11983
11989
11499
11392
11512
11504
11632
12036
12067
12105
10762 9830
5609
11061
10403
5608
10464
11302
11446
11275
8664
10507
10850
11919 11963
11349
11434
10001
10002
11332
10279
11494
10466
10539
10468
10509
10515
10441 10446
10514
10863
12012
10750 12087
11477
10771
10854
11355
11361
10766
11374
11373
11358
11375
11992
11984 11496
11389
11503 11513
11633
11951
10894
12034
12068
12106
11507
12218
12125
5620
10435
5623
11609
10538
11318
10000 10342
12081
8663
11419
11617
10442
11977
12055
10697
12097
11114
10467
10510
10765
10465
11470
10508
10855
11471
10513
10869
10853 11468
10764
11362
11817
11498 11993
11353 11388
11497
11390
11387
11368
11386
11500
11451
11453
11364
11514
11511
11628
11625
11637
11627
11638 11620 11619
11980 11986
11987
12033
12061
12060
12058
12111
12112
12102
12099 12101
5622
9999 10829 11068
10417
10440 10444
10445
11469
10438
11472
11475
11289
10763
11522 10852
11360
11372
11371
11351
11450
11624
11626
11629
11621
11925
11495 11543 11991
11385
11510 11502 11979 11544
12059
12219
11631
12062
12063
12220
12217
12113
12100
12110
11653
12032
12066
12123
12124
12104
12164
12182
12228
10828
10827
11686
11523
11467
10437
11521
11542
11350
11541
11449
11545
11623
11636 11618
11652
11651
11654
11978
12057
12253
12109
12098
12163
12165
12183
12162
12181
12180
12229
12227
12232
11695
11698
11687
11696
11697
12231
12264
12127
12254
12265
12233
12266
12255
908
5577
10274
10196
8660
3371
4772
5268
10275
10717
3330
5031
5270
7402
8404
5578
10890
5161
4366
6984
5342
5336
10192
8398
5428
5582
8148
10260
8630
10233
8636
6765
4664
7292
7832
5345
5263
7373
7380
8408
8457
5604
10268
8655
10702
10234
8631
5576
11941
8568
9919
9992
10273
10718
10747
11948
3376
8783
7763
10183
5182
5330
7376
7384
5260
5435
8395
8027
8413
8145
5525
8140
5605
9809
9477
9483
9663
10223
10225
8632
8639
10197
10271
10721
10748
10327
8659
10712
10707
10679
11112
11949
11802
5327
5423
8023
8453
5534
7399
8132
9803
9490
9498
8946
8587
9669
8269
5349
9145
10252
8606
10733
5581
5580
11783
10228
8629
8562
8626
8563
8643
8633
11936
9920
9926
9921
9993
10716
10889
10787
10884
12020
5179
7368
8015
5520
9796 9793 10208
9474
8941 8962
9470
8955
8257
8264
5350
9659 5571 10306
9140 9131
9152
8616
5603
9870
9968
8521
10637
7407
11790
5573
10224
8625
8638
8644
10582
11092
8414
8570
9927
9931
9832 9918
10231
8628
10332
10270
8635
10711 10333 9991
10232
8620
10713
10704
10708
10673
10674
10743
10738
10737
10685
11104 11101
10686
11815 11798 11797
11813
11945
10893
8476
8935
8248
5348
5598
9125
10964
11033
8497
7406
10567
11054
10218
8542
5556
5600
5436
10624
11043
9896
9981
9908
10649
10593
11266
8458
10229
8642
8564
11759
11903
8149
5574
11774
5572
9915
9930
10221
9925
9988
8621
9996 10334
11912
8566
8657
10322
10714
10328
8567
10705
10706
10742
10684
10735
11103
9917
9990
10841
10678
11063
10269
10720
10694
10665
11096
11111
10407
11812 10414
11806
11943
11793
10746
10882
11287 11277
10788
11282
10812
11921
12021
11381
11947
12030
5548
10293
9825
10981
5347
8555
10318
9855
9952
11007
10661
11256
8028
10395 11080 5535
10610
5601
5599
11862
11235
9810
11216
9499
10227
8619
8561
8622
8624
8618
10335
10220
8641
10340 10320
10331
11878
9670
9924
9923
9929
9995
10736
10671
10672
10668
11064
11066
10744
10741
10675
11102
11108
11065
10687
10683
10663 10695
11100
10682
11094
11105
10413
10408
10415
10326
10760
8656
10710
10703
11814
11807
11799
11796
11811
11792
11278
11283
11284
11281
10461 11944
10677
10785
11297 10881
11110
10786
10883
10880
10885
11922
11445
10784
11923
10504
10849
12019 11960
11801
12018
11347
11432
11329
11491
12009
12086
10385
7405
11024
5554
5553
8963
11202
8270
8559
10321
8558
10323
11893
9153
9831 9912
9914
9985 10330
9911 10758
9984 9987
10842
10219
8617
10761
10664
10840
10693
11058
10692
11095
11059
11097
11057
10402
10400 10398
10401
11808
10670
11805
11300
10740
10681
10734
11444
11099
10462
11299
11270
11274
11273
11269
11272
10503
10810
10811
10505
10847
10809
10892
11916
11961 11917
11915
11795 11810
11344
11382
11380
11433
11346
11327
11330
11492 11490
11942
12211
12212
12008
12011
12029
12028
12085
11506
12119
12213
12122
5619
5552
10965 10826
10432
10759
10431 10319 10339 9829
8557
10433
10757
11060
10399
9910
11298
9983
11062
10460
10667
10691 10662
11107
10459 10463
11301
11296
11093
11443
10406
11271
10412
11442
10501
10502
10506
11607
10536
10500
10848
10846 11606
10537
11760
11962 11474 11918
11804
11959
11791
11315
11286 11276
11538 11520
11345
11342
11280
11430
11316
11348
11343
11431
11328
11325
12079
11489
11331
11326
12078 11649 11488
11414
11417
11493
11418
11416
11616 11615
11920
12010
12007
12006
11974
11975
12054
12053
12084
12158
12096
12094
12065
12178
12226
5618
10824
10434
10430
9828
11519
10823
11056
10397
11608
10535
11605
10534
11536
11539
11268
12210
11314
12214
11317
10851 11518
12080
11650
11415
11647
12077
11412
11413
11614
11914
11533
12117
11537
11976 12216
11448
11973
12052
12215
12160
12156
12095
12093 11384
12177
11644
12225
11645
12118
12120
12159
12155
12121
12172
12175
5621 10821
10825
10822
11532
11540
11447
11643 10436
11642
11535
12161
12153
11534
11648
12222
11635
11646
12056
12179
12154
12157
12176
12108 12174
12223
12173
12224
10187
10194
903
5266
10195
3264
3367
4764
7401
8401
2834
3481
3370
5018
8342
5267
5427
8147
10258
3032
3921
6464
3322
3327
4770
5026
4352
6978
8357
5340
5334
10191
8397
8400
8654
10701
907
6202
4191
3329
5159
5029
4760
4355
6962
8351
5216
7830
5339
5335
8126
8371
5265
7369
7379
8402
8455
10193
10259
10267
11940
10888
3363
5014
4346
4364
6971
6749
6982
6754
4655
4652
7277
7290
8008
5226
5341
5344
5417
9788
9406
5269
7394
8083
7371
9642
10189
8407
8406
8456
5264
5432
8025
8392
5523
8403
8144
8137
9476
9807
9482
9661
3317
5154
4339
6763
4645
4662
6959
7285
5308
7826
3375
8781
7761
8387
5254
8115
10181
9439
9420
9452
5181
5262
5333
5338
9633
4771
7370
7375
7372
7383
5259
5433
10190
8391
8143
8026
5524
8410
8135
5422
9808
9481
7400
8130
9662
8945
8399
8583
10257
8653
8268
10256
10700
9144
10250
8603
10732
11780
11934
6742
4637
3374
7270
8775
7741
7755
5321
10175 7307 10165
7947 5202
5498
9464
5329
5343
9746 7345
7965
9653 5483 8899
9278
9330
8331
8233
5030
7382
9593
9778
9347
5337
5331
5332
5434
9111
8389
8411
8393
8019
8018
8020
8412
8451
8136
8452
5531
8138
5532
9800
9801
9489
9487
9497
9488
9495
9494
9666
10188
8396
9667
8584
5426
10266
8602
10265
10251
10731
10303 5569
8146
8652
8651
10699
11779
9867
9966
8518
10634
11935
10579
11091
10783 11939
10878
12017
5174
5408
7929
5292
7324
9763
9388
8931
7359
7986
8447
5513
5160
8844
9728
8098
9366
8920
9291
4365
8244
9313
5326
9081
9611
8213
9121
6983
5258
5257
5261
5420
5431
8449
8021
5533
7367
7377
7378
8390
8394
8012
5519
8134
8142
8129
8013
5518
8139
9802
9496
10205
9473
8939 8940 8961
9805
9469
8951
8960
10207 9806
9479
9480
8952
8405
8454
8585
9668
8252
8254
8262
8261
9658
9129 9136
9137
9130
9150
9151
10248
8614
8604
8615
10728
10839
11782
11788 11787
11932
10808
10887
11378
10781
10879
10780
10876
12015
10777
12027
5472
3373
8827
8176
8000
9040
10925
9261
8887
8868
9713 10954
6764
8199
4663
5180
5325
5324 5328
9577
9063
9098
10941
7291
7831
5421
7374
7381
8017
5516
8450
8011
8022
5530
11736
7398
5256
5430
8131
9799
9798
9493
9472
8959
9791 9795
9486
8954
9485
9467
9492
8953
8950
8253
8256
8263
8255
11751
9656
8024
8944
5522
8582
8471
9665
8388
8141
8473
10304
8409
8133
8586
8581
5570 10302
9135
8267
9139
9138
9149
5596
9143
9804
9475
9868
9478
9965
9869
9967
10960
10249
8601
10247
8599
8493
8516
11030
10563
8605
8600
8517
10633 10564
10246
8494
8519 10729
10730
10632
11052
10727
10635
10216
8540
8539
9660
10620
11781
10578 10621
9892
11041
11778
9893
11090
11089
9980
10577
10580
9906
10646
10647
11263 11265
10591
11756
11933
11931
11901
11773
11771
11909
10363
11153
5178
8782
7762
11176
7366
5517
5323
8014
11848
10182
5546
5419
10206 9792
9468
8938
8016
8472
8958
10204
8934
8949
8251
8448
5529
8474
8247
8260
5597
10292 9657
7397
5568
10301
8128
9128
5567 10305
9124
9134
9797
9148
9484
9491
10961
10963
10962
8492
11031
8613
8612
8495
10215
10565
10561
11053
8537
8538
9822 9866
8943
9865
10756
10838 9964
9664
8266
9963
8514
10976
10837
8520
8515
10630
10631
10636
10619
11042
10315
11789
8554
9979
10622
9894
9895
11786
10645
9907
10644
10590
10589
11264
11757
11758
9142
9852
10576
11087
10877
10581
11088
10455
10873
11902
11004
10659
11441
9950
11255
10392 11079
10497
10806
11770
10607
10805
11769
11858
11910
12016 11954
11233
11379
11428
11341
11337
11214
11324
10778
11877
12001
12026
12014
12004
12025
5545
5177
5547
7365
8010
5515
8475
10291
8470
5595
5594
9823
8957 8937
9790 9794
9471
8948
9824
9466
10977
8250
11029
10562
10979
8259
8490
10978
8491 8496
11032
10975
10560
11050
10566
10217
11051
10214
8535
8541
8552
8536
8553
10316
10313 10317
10754
9655
9127 9133
5550
11039
9851
9147
10618
9891
9854
10623
9890
9889 11040
9905
9853
10457
9977 11440 9978
11295
10642
9904
9948
9949
11003
10657
10643
10648
10588
11262
11254
11251
11002
11005
10658
10592
11261
9951
11253
11250
11001
10660
11078
10391 10394 10495
10606
10393
10604 10609
10608
10452
11291
10775
11860
11859
11900
10325
11436
11899
11857
10410
10498
11772
11230
10488
11768
11234
11229
11232
11429
11215
11213
11321
11908
11911 10449 11957 10456 11953
11876
10782
11875 11292 10875
10779
10689
11334
10874
11422
10492
11322
10776 12003
11485
11487
11955
11339
12013
11425
11482
11997
5617
5544
10290
9821
10426
8933
10752
10428
10423 10338
8246
10974
10980
10383
10312 5551 10382
8551
10384
10314
9123
9850
10959
10753
9849
11293
10458
10337 10424
11000
11439
9947
10656
9946
11252
11006
10390
11249
11077
10499
10605
10533
10491
10603
10802
10531
11023
11604
11022
11956 11861
11856
11228
11438
11231
11308
11336
10453
11199
11335
11212
11312
10496
11198
11310
10532
10690
10807
11427
11200
11201
10487
11320
10404
10411 12075
10486
10489
10804
11484
10493
11481 11483 10405
11407
10803
11755
11874
11892 11309
11996
11891
11424
12023
11968
11338
11423
12051
11426
11406
12082
12092
11408
11486
11613
12002
12000 11971
11969
11999
12024
12083
7404
5616
10429
5549 10421
10381
10427
10755
10422
11435
11437
10425
10484
10485
8556 11602
10530
11021
9827 10451
11294
11305 9909
11313
11420
11197
9982
11603
10454
12072
11405 10490
11409
11398 10529
10450
10845
10844
10528
10494
11612 11611
10526
11958
11304
11890
11972
11311
11966
11340
11410
11306
11421
11333
11323
11307
12076
11411
12073
11319
11401
11402
11404
11400
12005
11970
12050
11965
11998
12091
12049
5615
10420
9826
10525
11303
10396
11600
10527
11055
11601
11964
11267
11399
12074
11403
11913
12048
12089
11967
12090
10186
867
2504
899
4754
3365
4762
1713
902
3259
4763
5016
8339
2387
3262
2820
3479
4990
3366
4350
10185
8338
6976
8356
10255
5746
3252
2814
2829
3901
5007
6462
4998
3369
4748
3319
3325
6931
4767
5023
5022
5213
7829
8125
8368
10264
11938
895
2832
3244
3473
3024
3030
3915
6458
5133
5147
3342
3320
3326
4326
4917
6942
6951
4768
5024
5156
5017
4759
4354
4351
6961
6975
8340
8355
8349
5415
7393
8082
10254
10253
2807
906
3895
3919
6448
6192
6200
4189
3357
4952
4333
3321
3328
6648
4631
6665
4935
4272
7226
6903
7816
7237
4769
5028
5157
5158
5025
3364
5012
4344
4360
6746
4654
6968
6753
6977
4649
8350
7274
4761
7289
5214
8337
8007
8341
8124
5224
8367
9787
9402
9403
9640
5424
8649
8647
3017
6186
4181 3277
5122 3299
6726
5107
6708
4971
4590
5362
4735 6852
7255 4288
6691
4603
3263
7731
3368
8765 8075
10159
4757
4766
4343
5021
4345
5020
4361
4362
6967
6966
6747
6981
6748
6980
4651
4650
4349
7276
7275
6974
5015
5306
5215
7825
8779
7759
8384
8354
8123
8369
5250
8112
8370
10179
9436
9417
9450
9629
8577
10245
10263
10262
11775
11937
3309
4253
6738
6596
4543
4900 7782
4314
4615
2833
7178
8741
7266
6881
7678
6611
4528 7593
7700
6920
3480
7801
3318
3323
3324
10150 7212
7613
5010
5153
5013
5152
4363
4359
10111
4758
4338
4641
6969
6970
6761
6759
6760
6758
4642
4643
4660
4659
4661
6957
7282
7281
7283
4765
5019
7822
5305
8780
7760
8385
8006
8383
8348
5252
8111
8347
5225
8110
5251
4348
5212
5211
5416 5414
10180
9786
9435
9404
9437
9405
9418
9449
7303
6973
7392
8121
5199 7943
8122
8366
8365
8081
5496
8080
9632
9630
7962
8896 5480
9744 7343
9326
9275
8578
8328
9641
8230
9590
9776
9344
8598
10726
9109
11929
905
4507
5090
5395 8719
7573
7654
6637
4569
3031
3316
7200
10098
8756
7915
7640
7721
3920
3362
5150
9528 10131
8064
6463
8313
5011
4342
4337
4358
6762
4644
6956
6965
6745
4636
6958
5155
6752
4648
7284
5027
5307
7823
7824
7273
8773
4756
4353
7288
8771
7737
7738
7750
7751
7752
7739
8386
5320
5253
8113
5319
10163 10172
10174
6960
10164
7305
8004
5223
8005
5222
7944
5200
5495
9438
9463
9462
9451
9419
5406
5413
9784
9651
7341
10203 9785
9400
9401
9745
9274
7961
9652 5481 8895
9631
10201
9327
8327
8228
7828
7391
8079
9592
9343
9777
10243
8597
8841
8648
9639 10297 5565
5425
8573
8097
9107
11776
9079
9861
9962
8212
9959
8509
8595
8511
8507
10242
8589
10628
11930
9862
8592
10239
11085
11086
10570
8809
5456
7866
3315
8993
6201
9700
4190
9239
8432
5151
9020
9185
3361
4640
4635
6741
6757
4658
9562
7269 5171
7280
5172
4341
8772
5009
4357
5304
8774
7740
5303
7749
7754
7753
10171
10173
6744
7304
6964
6751
4653
6979
4647
7306
8382
7928
5198
7942
7927
8381
5249
8109
5248
7945
5247
8108
8114
7941 5201
5493
5497
5290
5289
11725
7272
7287
5429
7321
9760
9743
9433
9432
9434
7342
9416
7960
9761
8898 5479
9387
9384
9415
9448
9741 7344
9276
7322
9277
7963
7959
9385
8897
9329
9328
9325
8928 8929
9447
9272
5482
8325
7356
8329
8330
7982
7984
7358
8229
8444
8232
7983
5511
8231
8445
5510
9628
9588
9591
8575
9627
9726
9775
8579
9346
9342
9364
9727
9362
8916 8915
9345
9774
9289
8917
9363
9290
8241
5591
8243
9312
9310
9309
9108
9608
9609
9110
8594
9118
11025
5521
8484
9120
8591
10212
11048
8532
10295
5563
8588
9976
9883
10261
10240
11260
9858
5560 10299
7396
9954
8650
8512
8501
10626
11037
9902
11898
9957
10574
11084
11082
11927
11905
3314
5149
5173
5405
4336
5407
6756
4639
4657
7926
5318 5317
5288
5291
6955
7302
7279
5197
5470
7821
7940
7946 5196
5494
5492
9762
9461
7323
9386
9759
9383
9460
7357
8930
8443
7981
7980
5509
5512
8778
7758
8824
7958
5478 9650
8840 8823
7339
8894
8464 7340 9742 9740
9273
7964
9324
10199 9649
8842
8843
9271
8580
9323
8839
8467
5566
8326
8171
8324
8227
8226
9365
9361
9725
8094
8173
8919
5527
8095
8096
9288
8918
5592
7999
8242
9311
9307
10178
9589
9587
9036
9772
9340
9863
9038
9606
9773
9341
9077
9078
9610
9076
9960 9080
9864
8210
9257
8886
10921
8209
9119
8884
8864
8211
8481
9258
8506
8865
10952
10237
8487
8482
5526
8485 9712
8195
10554
8610
8196
10725
8529
8530
8527
9575
9106
9059
9060
9961
9096
10938
9097
10241
9886
11777
9884
8608
9974
9887
10569 10614
11785
9901
8590
8609
10640
11734
10613
9885
11784
10641
11766
10571
11748
11928
11765
5170
5404
6740
4634
5469
7925
5471
5287
5286
7268 5542
8770
5540
7736
7748
8826
7320
9758
9757
9382
8822
8825
9381
8927
8465
7355
7979
8175
7985
5508
8172
8170
8442 8446
8174
5593
7997
7998
10170 10162
8838
10288
8468
10300
9037
9724
8913
9035
9359
8093
10362
9360
9287
8914
8240
9039
5255
9308
10922
9256
8883
9306
10924
9255
9260
5589
10923
9259
8882
8885
11027
8863
8867
9711
8862
8866
9710 9709
10953
8194
8198 8193
8197
5528
8526
11049
9574
9607
7361
9605
9576 9860 9816
9075
8208
9058
9956
9057
9117
10971
8463
9062
10969
9061
8513
10552
5564
8576
7363
10629
10558
11150
11045
8488
9094 9093
9095
10940
11046
10939
10213
8534
5588
8533
8549
9888
9903
8546
5561 10298
8574
10584
11735
9817 9859
11083
11081
9842
9958
8499
11035 9845
9879
10244
10575 8486
10557
8510
9874
9899
9975 11175
9955
8500
8508
10655
11038
8596
9945
8478
9942
11026
11259 11258
8502
9857
10587
11248
10995
10652
11239
11247
11075
10238
10615
8524
8593
8504
11749
11750
9846
11845
11895
11852
9880
9873
11896
10573
9971 9973
9940
11227
10992
11242
11225
10989
11222
10389 9898
11210
10572
11854
11906
11872
11221
11764
11870
3372
5543
5468
8821
10287 5176
5541
8469
8169
10361
7996
10360
5322
7395
5559
5418
9034 9818
9820 10202
8466
8881
10920
9254
8861
11028
7362 10970
9708 10951
8192
8489
10559
10289
11149
7364
11152
11047
11151
11148
10200
8545
8550
8461
5590
5586
10284 9573 9819 5562 9815
10294
9056
8498
10937
9092
11036
9847
10296 9844
10617
9848
9882
8127
11174 9972
11173
10211
10991
8483
9943
11246
10988
9939
8611
8531
10987
8547
11241
10654
10209
8548
11073
10993
8522
8528
8607
8479
10310
10555
11733
9856
10955
11846
8942
11847
11844
11897
9843 10998
10985 8503
9944
11853
9881
10625
9953
10627
10308
9900 8265
11226
10601
8505 10996
10616
11762
9941
9875
10586
11238
9876
11211
11076
9878
10653
11209
10990
11074
10600
10585
11747
11849
9838 11907
9141
11220
11869 10568
11072
11223
9936 11763
11245
10596
11208
11752
11873
11867
11224
11871
5539
5175
7360
8460
5585
8932
8245
10973
8477
10972 5514
10380
5587 10374
10378
10285
8009 8462 10377 10309
9122
9837
9871
9969
8936
10379
8249
10999
10651
10551
11240 9465
9789 9935
8956 10556
11243
10375
8947
11044
10599
8258
8544
10376 10598
11018
8523
11015
8480
10553
10210
11020
8525
10311
9841 11855 9654
10611 9126
9132 11034
10984
10956
10958
9877
9840
11244
9146
9897
9938
11204
10612
11188 9872
11195
10957 11196 10638
11194
9839
10997
11257
11236
10583 10994
10388 9970
11192
11019
11070
10595
10602
10639
10597
9937
11016
11017
11865
11767
11850
11894
11888
11189
11193
11885
11207
11219
11191
11206
11190
11753 11904
11754
11866
11889
11886
11887
5538
9814
10371
8543
10286
9836
9934
10372
10307
10968
11013
10373
10387
11184
10986
10650
10594
11014
11237
11071
11883
11185
11851
11205
11218
11186
11187
11868
11884
5614
10419
11599
11610
12047
12088
10184
712
897
4752
1267
858
2502
3229
3256
8333
865
1711
898
3238
3463
3257
2818
3477
4986
2496
1705
2375
901
2729
2766
3261
3258
3478
4753
4987
3899
6461
4996
4745
6929
8353
852
1693
2369
2385
877
2791
2745
2776
3209
3440
3826
6427
2811
3249
2826
2812
2825
4988
5005
4751
4746
3340
6927
4323
4913
8334
6940
6950
5209
8120
8335
2357
5744
889
2801
3013
2988
2665
2998
3220
3860
3727
3839
896
6413 4694
6440
3248
3250
2824
2827
2819
3021
3255
3471
3028
3912
3911
6455
6456
5131
4989
5145
4997
8346
4269
8003
5221
6901
7815 5210
9783
9395
8362
8363
9637
3420 2648
866
3885 3191
2693
3783
3455
900
4208
6385
4158
6154
6174
3754
4171
2503
6163 4801
3251
2831
2828
2813
6816
6837
3243
3469
3023
3022
3029
2817
3913
3893
3900
6457
5132
5146
5006
6190
6447
6198
4186
3254
3341
4984
4743
4985
4747
3355
4950
4948
4322 4324
4915
4331
4914
6928
6645
6939
6660
6930
4628
6662
4932
6948
4931
7222
7224
7234
5361
5206
5205 5412 8074
7389
8118
8360
8359
2949
3707
2713
4232 6091
6066
2968 4144
3801
1712
6401
6113
4123
6795
4848
7098
7075 4722
3242
3247
2810
2823
3470
3472
3891
3910
3918
3914
3909
10062
6445
6454
6197
6191
6199
4187
4188
3260
3274
2816
3339
5004
4949
4330
3356
3476
5120 3296
4995
4916
4325
4911
4629
6646
6661
4933
4744
4742
4270
6941
6949
6723
5104
6704
4967
4586
7225
6926
6848
6850 4733
6686
4601
6899
4286
4285 7253
7812
5300
7236
7730
8336
8379
5242
5243
8106
8361
8764
10158
9431
9397
9396
9398
9622
9636
5411
7387
7827
8077
4099
894
4452
4420 6135
6497
2386
5074
7040
7543
6549
7515 4884
2805
2806
7140
10051
3020
3027
3892
3894
6446
4177
6181
6182
6183
4180
2809
6184
4179
3246
2822
3275
5129
3295
5143
5130
5121
5144
3354
4951
4946
5119
3297
4332
3338
4627
6722
6647
6664
6721
6724
4630
6663
4929
4970
5106
6706
6705
4585
4934
4969
5105
4587
4588
4968
3898
4250
4321
4912
4268
4910
4271 4267
7251
4599
7223
7252
6687
6689
6688
4600
5299
6460
6591
6938
6947
6900
4541
6898 6902
5302
7813
7235
4897 7780
7814
4310
8344
5245
7174
8738
5207
7674
6878
6609
4524 7589
7697
6918
7799
5244
8364
9414
7610
10148 7211
7296
8117
5192
5219
8001
5218
9446
9625
10109
9739
7333
7955
5217 8891
9389
9623
9391
8332
8224
9782
9392
9634
9104
5745
7491
4484
6576
893
8703
7459
3016
7163
4178
6185
2830
3276
10082
3241
3019
3468
3026
3298 5117
3307
3308
3908
4249
4251
3353
4947
4945
4329
6725
6737
6736
4965
5102
6707
4589
5360
6453
4732
6644
6849
6592
4625
6658
6847
4626
6659
4930
4928
6851 4734
4284 7254
6593
6690
4283
4287
4602
4540
5301
7778
4612
4898
4312
4311
4613
4614
4266
7221
7177
7220
7264
8740
7176
6877
8736
6876
7265
7675
7729
7728
7673
6608
7587 4526
7590
7696
4525
7695
6919
6916
7797
8380
5316
5246
5314
5315
8107
5392
6897
3359 7233
7811
8763 5295
8073
10157
10156
10146 7209
7607
10149
7609
9399
9459
9445
7295
5297
7388
7911
5208
8377
5189
10107
7936 5193
5238
8104
7937
5234
10110
5489
9648
9624
9626
9525
7297
8063
7390
8310
7335
8374
7338 9735
9422
9425
5229
8101
9638
9267
9320
9411
8352
9270
8318
8323
8225
9582 5475
9613
9618
9428
9443
9339
9770
2804
3273
3890
3917
3293
4248
5118 3294 5116
4252
6444
6189
6196
4185
4503
6719
5101
6595
4505
6720
5103
6703
4584
6590
6594
4504
4539
4966 4964
4583
4538
4542
4896
7779
7781 4899
4309
4308
4313
5089
8717
6684
4598
6846 5167 4731
7250 4282
7175
5393 8716
7173
7249
6685
8737
5165
7672
8739
6875
4523
7569
7567
5296
6879
6880
7676
7588
7677
7568
7592 4522
7570
7651
6607
6610
7591
7694
7699
7653
4527
7698
6915
6917
6635
6633
7798 3360
6632
4567
7800
6634
4568
4566
7197
7196
10095 10094
7727
10147
7208 10145
7612
7298
7210
7608
10097
8755
7198
7611
8753
7301
7634
7924
7912
7638
7636
7637
7719
7720
8375
8100
5190
5194
5239
8099
5231
5282
5283
5203 8762
5403
10128
10155
10108
9527
10129
8062
8309
9781
7314
7953
7315
9423
7332
9394
5240
9409
5236
9427
5220
9736
7951
7956
9442
5476 8893
7351
8373
8002
8343
5235
7976
8345
5230
7294
4347
7932
5204
5487
9621
7334
9723
9614
9584
7352
9722
9393
9286
9429
9412
8892
9408
9321
9390
8238
9305
8776
7756
8890
6972
7938 5185 8837
7948
5491
9732
9316
9264
7328
7820
8116
8216
8119
8358
8091
9619
8911
8239
9616
9771
10176
9585
9580
9737 7331
9269
9767
9334
9074
9635
8316
8221
9105
9102
8207
3015
3306
6180
4176
4247
4502
6735
4506
5088
6589
5390
3311
8718 5391
5168
4537
5394
7572
7777 4895
4307
4611
7571
7652
3312
6631
6636
4565 4564
7172
7263
8735
7195
10096
6874
7671
6606
4521
7586
7199
5166
7693
7299
8807
6914
7796
8754
7908
7639
8806
7910
7914
7913
5454
5298
7635
7718
7909
8376
5195
7865
7922
7864
5312
5311
5285
5284
5279
10127
7606
9524
7207
10130
10144
9526
7300 9523
8992
8059
8991
5467
8060
7817
8061
8308
9698
8307 8312
7939
8311
4755
9699
9238
9235
9236
9430
7317
9754
5490
7318
7336
4335
9456
7950 5191
9413
9380
9457
5313 5310
8431
5241
7353
7350
8378
5280
9377
8438
5237
7972
5232
8102
5506
10106
9017
9183
9646
9019
8889
6953
9184
9644
7316
9268
7330
7337
8320
5188
7933
9458
9720
9755
9378
5186
9444
8219
7954
5486
9322
8926
9284
8319
9426
7995
9455
7973
9410
9299
7952
5477
5400
7386
5410
9559
9560
9586
8777
9779
7326
9338
9647 5474
9719
7757
9358
9620
9583
9733 9738
9263
7957
9615
10914
9253
9357
8912
9780
9317
9300
8315
10948
8834
8078
9100
9600
10177
9333
9581
9768
11724
9572
9072
8206
8090
11730
10932
11743
904
3358
4501
5169
5087
3313
8715 5163 5402
4334
5293
7566
7650
6630
4563
8805
5453
8808
5455
7862
7863
7194
6952
10093
8752
7633
8990
7717
8989 7930 5227
7917
5164
4340
9697
5484
9233
9696
9234
5466
9237
9232
7319
5008
9756
8430 8429
4356
5294
5281
7923
10126
8766
7732
7743
9018
9181
9016
9182
8819 5187
9749
5465
9729
6743
7918 9753
4633
9374
9315
8820 7310
7931
9375
9372
8925 8922
6963
8167
7919
7818
6750
6954
8168
4646
7978
7354
8223
8162
7349
9379
5233
7934 7970
8441
8105
8372 5504
7819
5275
5228
5488
8437
8103
7992 5274
5507
9558
9557
10160 10167
9561
9578
7271
8768
9332
7309 9032
9716
9765
7733
9355
8907 8906
8901
7744
7286
7745
9352
8903
9356
9282
8235
9033
7734
10915 7327
9731
9304
7968
8880 9251
8321
9424
7311
9301
9407
9750
7329
9297 9369
7977
8859
5503
8092
8164
9252
8923
9721
8440 8434
9441
8215
7347
9266
9319
9370
8878
9318
8855
9265
9440
9421
7969
8322
10946
8317
9734 7348
8220
5502
8218
7993
8222
8217
8435
9285
9571
9617
9602
10169
9597
9766
8902
10161
9717
9336
9113
9612
9350
9601
9280
8860
9053
9281
9116
8237
9335
9302
10931 9337
8879
9351
9295
10916
8908
9090
8856
10947
9294 8189
9769
8190
11723
9101
9052
9603
9596
11731
9103
9115 9091
10933
11742
11744
3310
5399
4632
6739
5464
7916
5309
5273 5148
7267 7293
5184
4638 9748
9368
5401
6755 7966
5500
8433
4656
8166
5277
7920
5278
5276
7325
8815
8832
8767
7278 9349
8157 9714 7735
5462
7742
8087
9376
5485
8769
10919
9751
8877
10355
10918
9292
7747 9454
7935 7312 9373
7746
9371
10917
8854
7313
8924
9752
7967
10950
8163
8439
7975
9453
8165
5505
7994
7974
9028 10166 9645 5473
9594 8816
9069
8833
8888
8203 10168
9051
10910
7949 8876
8905
9353
10358
8835
10944
9314
8851
9643
10934
11136
9250
11139
8836
9303 8214
8185
8904
9262
9089 9730
9354
8159 8910
8088
9283
9718
11145
10949
8909
8236
9298
8314
7991
9296
8089
9707
8858
8857
8191
9570
11732
9579 9047
9599
9604
8204
10928 9331
9114 9030 9764
9246
8850
9055
9070
9598
9071
9088
8874
9073
9054
8205
10936
11144
10935 9247
11168
9706
8186
11728 9099
11746 9568
9048
11835
11839
9087
11172
11745
11739
11840
5162
5461
5272
9812
7308
8814
7346
8156
10354
10353
7989
10359 7921
5463
9027
9245
8818
9244 8872
8848
8183
9703 9704
8921
11146
11147 5501
11135
8161 7971
8817 9747
8158
9367 11143
10357
7990
10356
8436
8160
9567 9835
9045
8234
9084
8873 10386
9715 9029 10983
10911
8900
8184
9293
11140
11142
11167
8849
9348
11171 9279 10913
9249
8875
8853
11165
8852
9705
9031
10945
8188
11141
8187
10912
9248
11138
11137
9046
9595 11841
9112 11834
10930
9569
11838
9049
9050
9085
9086 10929
11166
11203
11170
11169
11842
11729
11864
11843
11836
11217
11837
11740
11741
5537
10364
10367
9813
10365
10967
10366
10368
11009
10370
10369
11177
11010
11179
11008
11012
10982
11880
11879
11178
11011
11181
11183
11182
11180
11881
11863
11882
344
4750
700
824
2488
856
2500
3227
710
1265
837
1685
857
2501
1709
3236
3462
4980
692
1259
848
2478
1660
3148
863
862
1710
2374
3228
3237
2726
2762
4981
4749
6923
795
1676
1598
2260
2334
864
3170
6362
2495
1701
1702
875
3226
2725
2763
2774
3206
3437
4982
3822
6425
4994
1577
817
2353 2462
2293
1621
2219 2536
2314
3087
3635
6279
855
2493
1703
1691
2365
2383
2366
2382
3235
2727
2788
2761
2789
2741
2764
2742
3225
3461
3207
3438
3823
2662
6424
5127
5141
3723
3836
6412 4691
3336
4319 4738
4974
4976
6924
6925
2207
1635
711
5726
2237
2574
5736 3572
2599
3129
6040
861
6307
3663
2494
1690
1700
1704
6324
2367
2368
2384
2373
854
876
5741
887
2787
2743
2499
2765
2728
2799
2775
2773
3234
2984
3208
3435
3011
2985
2996
3824
3219
3858
3218
3857
3460
6426
4983
5003
4692
6438
6439
4207
3351
4975
4739
3333
4798
6641
4624
6654
4977
6815 3474
6836
4991
4907
7217
4740
4264
6946
6893
7808
7231
1266
2896
5814
4083 2877
3691
2629
851
5868
5955
5844
2929 4052
1692
4003
2356
2364
2381
860
5742
5743
888
2790
2800
2798
2744
1708
3010
2987
3012
2986
2724
2644
2759
2645 3418
2760
3205
3204
2661
3436
3439
2663
2997
3821
3882
3825
3820
3725 3721
3188 3881
2690
3781
3837
3724
2689
3779
3838
3454
5128
5142
6423
6381
6410 6409
6149
6383
4156
6150
3751
6173
4169
3750
3337
6161
4978
3352
5001
4320
6642
4927
6655
5000
4741
3475
7219
3332
4730
6922
4737
7230
3896
4317
4908
4261 4903
7726
6459
6935
6890 6896
7809
7810
10154
8761
3979
5915
3608
6011
6349
874
2492
1699
2785
3417
2786
2740
2646
2372
2772
2664 2660
3187
3216
3883
3217
3859
3856
3884
2688
3777
3189
3780
3452
2691
2946
3203
3434
4206
3722
3704
3726
3835
2710
6380
6384
4157
6151
6152
6172
3748
3752
4170
3819
6411 4690
4230 6088
6061
4689 4693
2966 4142
6437
3269
3334
6162
4799
3797
6422
6399
6111
4120
6814
6793
4845
4844
6834
5124
3286
3289
3348
4993
5135
4940
5139
4939
7095
7071
7073 4719
6717
6657
5125
4963
6656
5137
4623
6698
6699
4979
4992
4581
4921
7247
6677
7218
6678
4922
10061
4595
6679
5358
4258
6887
7807
8072
7422
10021
850
1689
886
2363
2380
2643
2797
3419 2647
2983
2948
3009 3008
2982
3186
3703
2947
3880
3705
3879 3190
2687
3778
2692
3782
3453
2712
2709
2711
2659
891 2995
4205
6382
4155
6087
6148
6086
3215
3855
4154
6153
3749
4229 6089
6062
6060
6064
4139 2965
6171
4168
4143
6063
3271
3753
4141
2967
3795
3800
3799
3798
3720
3834
6160
4797
6397
6398
4800 4796
4118
6108
6109
6110
6794
4122
4121
4846
5126
5140
3287
3291
3349
6408
4450
6436
3270
6813
4416
6835
7097 3335
6493
6833
5071
7074 4720
3290 5113
6643
5100
5136
6701
5138
4923
5002
4582
7035
7541
3905
4245
6546
7512 4881
4316
3253
3466
4941
4265
4263
6718
3346
4958
4597
6682
6680
6681
4594
10049
10060 6450
7138
6934
6844
6639
4729
6650
3904
6945 4973
4618
6892
3345
4943
6651
7248 4318
5094
6700
4924
6889
4937
4328
4905
4919
7232
4972
4262
4304
7771
4904
6451
6845
7214
8728 4281
6894
6868
7664
6933
7666
4621
6653
4519 7581
7583
7689
6912
7688
6944
7790
7228
8733
10143
10139 7215
7604
7603
10105
5409
10103
8076
2355
5740
2642 3416
2945
3706
2708
892
4097
3878 3185
2686
6090 4228
6065
2964 4140
3776
3451
4231
4098
3272
3796
6379
4153
6147
3747
6400
4119
4448
6170
4167
6112
4449
6792
6132
6133
3464
6791
4842
4418
4415
4843
4841
6134
4417
4847
6494
6495
5072
5073
3292
5114
3305
3303
6159
3267
7096
7094
4718
7072
7070 4717
7036
7038
7069
7542
4721
7037
7539
6545
6544
6547
4883 7511
7513
4882
4942
4244
3288
3304
3350
6731
6732
6702
3240
4960
5096
6734
7136
10046
2815
4901
7137
10047
5111
4242
10050
3280
6652
6683
3906
6733
4622
4961
7769
4610
4999
3347
4305
4959
5095
4609
10059
6187
6194
4182
6586
3888
6895
3283 5097
6693
3897
5092
4909
4572
4536
7774
4894 7776
4302
4892
4906
4298
7216
7261
7260
6452
6640
4619
6867
8729
4596
4925
4520
7665
6443
6840
5386
6672
7169
6667
4593
8730
7241
4279
8732
7804
4736
7662
6936
6872
6714
4577
7262
4259
6864
4954
7667
6937
7692
7792
7794
6891
10140
7582
6913
7789
6921
7725
4726 6842
4278 7245
7668
7584 4516
6885
10141
6605
7687
7229
7902
8760
10153
10137 7206
8058
8301
10104
9520
2944
3702
2707
6085
3239
6059
2963
4138
4447
4451
3794
4414
4413
4419
6492
6496
5069 5068
5070
6396
6107
4117
7034
7039
3886
7033
7540
7538
6542
7490
3916
6543
6548
7514 4879 4880
7489
7488
4481
4241
7510
4483
4482
2808
4246
6574
5115
3282
3465 6575
3245
2821
3467
3331
5357
7135
10048
8700
6441
7134
8701
7139
10045
8699
7458
7456
7457
5123
6711
4497
6713
3279
3903 6712
4498
6697
4243
4571
6587
3907
5098 5112
4576
4944
4957
4579
3902
5134
3344
5110
7773
4938
4306
3284
5085
4303
5086
7161
4256
7162
5359
4728 8709
6449
4496
7240
6193
6673 7243
6670
8710
6195
8731
4183
4184
6188
7669
8734
7171
7552
7560
7557 6862
4617
6871
6870
7670
5093
7553
4620
4962
5099 7585
6695
7686
4578
6588
7649
7646
4956 4926
7690
4573
6627 6710
7558
7644 4518
6911
6629
7770
6715
4920
4562 6909
6694
4560
6628
4561
7772
4574
4300
4955
4299
10080
10081
6884
6581
4238
4315
5387
8713
4257
4534
5383
8069
4902
4260
10092
6863
7663
6668
10087
7192
10142
6669
7244
7239
7554 4592
6869
10090 7170
7645
6674
7691
8746
6675
7628
7716
7713
7631
7621
6910
4517
7629
7714
7791
5379
7165
8725
7658
7577
7683
6603
4512
7193
6932
7898
7805
6943
10124
6886
7767 4888 7894
4293
7889
8751
6888
7903
10122
8070
10089
10138
7806
7605
8071 8747
7623
7622
7715
9516
7600
9512
10121
10135
9519
7205
6859
7904
8056
8052
6907 8304
7787
8298
8305
10101
8049
8293
890
2802
4096
6131
7487
4480
5108
6573
2803
3268
8698
4172
6175
8702
7455
3343
4237
3018
4492
3887
6730
4500
4499
3025
4494
3889
7775
4297
3281
3302
3285 5084
7160
6839
4725
6176
8712
6177
4276
4175
5388
6442
5380
7765
6178
6873
4174
7563
7564
4239
7647
4605
4493
6729
7561
7556
4327
4608
4295
4891
7648
6716
6728
6623
7795
6696
4936
4893
6622
4580
4557
4575
5083
4301
5397 10079
8723
7258
6638
7657
7575
6582 6858
7562 10091
6671
7188
10088
7246 4277
5384 8711
7681
8749
6841
7905
7625
7559
6649
7785
6908
4918
7242
5451
6583 7632
6676
4559
7555
8800
6866
7624
7709
7906
4606
7708 4280
7899
7626
4616
7860
6865
6625
4533
6843 4558 4727 4607
7793
4889
4294
6624
4556
7861
5398
7189
10118
10133
7597
10125
9522
7257
9518
8803
7259
7213
6857
6602
7659
7190
7168
4514
8727
8987
7630
7724
8055
8048
7682
7710
9695
7167
8748
7723
8297
7890
9226
4513
7578
7711
9694
8302
7895
6905
9230
8428
8829
7227
9064
8759
8830
10099
10119
10123
10152
7203
7599
8988
9514
8051
10136
9015
9179
9180
9228
10151
8292 8303
8200
9067
8085
9553
8086
10102
9012
9066
9555
11722
3014 3266
3278
4236
6580
4173 4488 5382 8714
4531
5378
5389
4887
7565 6179
4291
4240 5109 4495
5082
7164
8706
6856
4510 7546
6601
7547
7641
6904
8796
7907
6620 7887
8802
4490 5091
8799 6585
5452
7893
4570
6692
4532
4489
7892
5381
4555
7856
7712
5385
7851
6709
4535
6584
5449
4292
7766
7857
4953
4296
6626
5081
4890 7768
7202 8812
4591 10084 10083 9521
8707 10120
7185 9511
8724
8743
5459
7656
8978 6666 7615 4511
8983
7191
8050 7619
7548
8046
7166 8979
7576
7706
8726
8985
8306
7238
6618 8291
8797
9688
7786
9229
6860
8295 8750 4554 10942
9692 7888
8152 7549 7580 7660 9225 7627
9218 6604
5448
7891
8801
7680
9227
9219
9216
4515
7579 9231
7685
7900
7643
7684
6906
6617
6861 7852
7661
9222
7853
7788
6619
7901
7858
8426
4553
7897
7896
10115
9515
7184 7602
8984
7598
8745
9517
8296
9691
7204 9013
10134
9007 10132
7601 9175
7617
7707
7186
8047
10086
9011
9173
8980
8054
9176
8300
8846
9513
7618
8057
9010
8299
9221
8053
9213
9689
9223
9214
8294
7988
8424 8427
10100 11726 9556 9025
9550
10116
9554
9547
10926 9042
9171
9177
9242 9172 9009
9702
9551
9546
11720 9565
5396
3301
4487
5080
8810
5458
8804
6616
4551
5447
10347
8795
7850
6727 7855
4491
8828 9021 7183
8977
8813
10345
9212
4604 9687
11116
7551 8084
8708
9686
9211
7642
4552
6621
10350
8423
7550
8798
5450
7854
7859
10906 9006
9023 7620
9240 10352 7256 9170
9024 10085
8831 8986
9169
9241
8744
8870
11125
10351
7187
9693
7616
7705
9217 8178
8153 8982
11132
11128
9220
8155 9224
11127
9690 9701
11160
8981
8425
11122
9215
8180
9564 10114 9545
9014
9041
10117
8869
9026 9008
9174
11819 11133
8201
8845
9065
9068
9178
11126
11121
8179
11156
8202
11163
8181
11162
9549
9552
11727
9548
9043
11824
11829
11830
11822
9082 11164
11159
11737
11823
11721
11831
5457
10344
11134 8151
10346 7987
5460
8811
11117
8177
11131
10349
10348
11130
11120
8154
9563
9022
11129
8871
11155
10909
11119
11154 8847
10907
11158
11118
8182 11123
9243
10943 5499 11124
11832
11833
10908
11827
9566
11821
9044
11161
11157
11820 10927
9083 11825
11828
11826
11738
86
342
2447
3224
336
647
698
822
2486
3459
673
1249
1534
699
1263
834
2487
1684
3232
688
613
1223
729
1551
1476
708
707
1264
823
835
2476
1656
3146
3233
2718
2757
1197
631
1241
1406
757
2185
2054
709
2081
697
1255
1257
846
836
2485
1683
2477
1655
1657
792
1594
2257
2331
3168
2720
2758
6361
3222
3431
3814
6420
343
2127
779
1825
2156 1510
691
706
1968
1256
1258
847
821
793
2474
1658
1674
1675
1682
1595
2484
2256
2332
3147
3169
2217 2533
872
2784
2783
2719
2737
3083
3633
6360
6277
2497
2770
2721
3201
3427
3815
3458
6421
4685
1927
5667
1888
1455
5704
2440 3499 2001
6245
696
833
794
2475
1573
1654
1574
1659
1593
1592
815
1596
814
2352
2288
2258
2330
2460 2351
2259
2290
1619
2333
2289
1618
1681
3145
2532
3144
2311
2312
3084
3634
883
2722
2738
2736
6275
2795
3571
2597
2498
3006
2976
3202
3428
3660 1706
3223
3853
3231
3851
6323
2716
2748
3197
2753
3429
3432
2993
3715 3812
3816
3810
3833
6434
6406 6419
6435
3403
5762
3553
6231
705
845
1262
791
1572
1575
1673
816
1597
2459
2350
2291
2292
1616
1617
2255
2203
2473
1653
2216 2215
2329
2204
2218 2534
2313
1634
873
5723
2235
2234
3167
3166
3082
2571
2570
3085
3631
884
5734
6278 6274
6037
3127
3126
6038
2796
2723
2771
2769
6359
6304
6306
3007
2978
2977
2979
871
3413
2715
1707
2749
3430
3433
3198
2992
3182
3817
2754
3450
3772
2371
2656 2658
4150
6374
6142
6169
3742
4164
4203
3194
3424
3717
3719
4682 6407
3805
4678 4686
4792
6158
6416
6812
6829
690
1254
1576
813
790
2202
2349 2461
2287
2206
1672
2205
1620
1632
1633
1591
2531 2535
2310
5724
5725
2232
2233
2236
2572
885
2254
2328
3081
5735
3086 3080
3632
3570
3630
2596
2598
3125
6039
2739
2894
6276
5809
6273
5810
2873
2874 4082
6303
3659 3662
1695
3689
3661
2627
2980
2981
5866
6322
5953
5952
5842
4048
4050 2927
2491
2752
1696
3200
3411
2731
2780
2733
2994
4001
3818
3876
2778
3854
2681
2747
3183
2750
3852
3847
2781
3771
2732
3765
2755
3875
3199
3849
3763
3445
6369
6378
6371
3214
6143
3743
4151
6145
6167
3848
3736
4165
3221
4225
3806
3457
4687
4683
3195
3425
6431
6433
6144
3737
2653
4200
6415
4679
6790
4835
3711
3830
4788
4793 4784
4713
7063
6405
6808 7802
6831
6826
7091
6882
10058
1571
812
2458 2348
2286
1615
2569
2573
2214
2309
3569
2895
2595
3124
5812
2489
3123
6036
5808
5811
2876 4079
3128
6035
4081
2875
3688
3690
2626
2628
6305
6302
3658
5867
5951
5865
5950
5843
5841
4046 2926
853
4051
4049
2928
881
3410
2779
1697
6321
3976
2359 4000
5912
2378 4002
3605
2636
1687
2640 3414
880
2794
2637
3877
3181
2734
6008
2360
2639
2377
3422
2972
3001
3809
2970
3873
3699
4204
2751 3871
3767
2684
3178
3775
2683
3773
3448
2717
2677
4152
2756
2768
6146
6372
4166
3764
3446
6348
2990
6076
6375
6078
6373
4137
6049
6051
3844
3739
4223 6082
2973 4131
3745
2678
6052
3769
3004
3213
3744
4135
3230
3813
6168
3811
3716
4794
3196
3793
6053
6418
6393
4113
6102
6105
4114
6789
3807
6811
3212
3843
4836
4838
5354
6429
4108
6100
7090
7068 4714
6417
6830
5356
6838
7722
6430
7064
4255
8066
4724
8758
6883
8067
8068
10057
2201
1631
5722
2893
2231
5813
4080 2872
5807
2871
1686
4078
3687
2625
859
5733
5864
5949
5954
5840
2925 4047 2924
3974
4045
3975
3977
3978
5911
5914
5913
3607
3604
3606
1694
2641
2490
1698
882
3999
6010
6007
6006
6009
2361
2379
3003
3698
2975
2362
3846
3184
3774
2676
3412
3762
2685
3768
2782
2793
2735
6346 5737
6347
3192
2370
2632
2941
4199
3701
6376
6079
3177
2657
6056
3735
6075
3746
4134
6057
6055
3000
4136
2974
4132
6050
3005 3002
2682
3179
3874
2971
3850
3872
3766
2679
3447
4688 2714
3709
4677
3867
4226
3408 2633
6054
3832
2652
3760
6080
4221
3423
2673
4201
2746
2991
4795
3718
3193
6370
4116
3426
2654
4790
6101
6077
3740
6099
4130
4115
3791
3738
6402
6365
6137
4148
6138
6395 4681
6083 4220
4110 6392 2961
6166
3732
4444
4162
6785
6432
3804
6780
6807
4407
3808
3866 3174
3713
2672
4684
4832
4408
6787
4403
6103
3831
4837
4839
3758
3444
4827
3803
6828
4823
4831
5064
6485
6827
3712
6486 4109
4789
4680
5065
4785
6156
4441
7089
7086
6414
6403
7065
7054
7023
6367
6806
3731
4710
7058
7062
6782
4828
4715
7024
7532 4822
7056
6539
6536
4875
6533
7503 4876
7506
6824
7025
7537
7131
10044
7128
7060 10039 4706
10056
10036
849
870
2354
3973
5910
3603
3415
1688
6005
7421
2358
3407
2943
2376
3870
2638
6345
10020
10019
2651
4198
5738
5739
3210
6084 4219
6081
4094
4091
3869
3756
3173
6058
4095
4133
2942 4093
3442
3700
3180
2730
2634
3770
2706
2777
3449
2680
2938
6364
4783
2767
6377
2655
3729
4443
4092
4202
6104
4111
4440
6781
6128
6125
6124
3868
2671
4410
3845
4840
6130
3741
4829
4224
2962
5067
6488
4404
3211
3842
3792
3175
2674
5066
3759
4234
6072
6044
5375
4446
4128
4438
6805
2959 7092
3710
3695
4409
6394
6823
6480
4394
6129
4112
5061 2703
4787
3714
3829
6127
5054
4716
6106
7066
6786
4791
4149
6139
6165
3733 7030
7027
6126
7028
4405
4707 7061
4163
6368
6140
6532
6490
7534
4786
4878
7508
6537
4833
4824
4877
6097
4105
5366
6578
4723
7013
7018
7535
4399
6428
5371
7026
6404
6157
7527
6832
4275
6540
6579
6487
5058
3787
7499
6809
6524
4871
4711
7883
7879
7088
6825
6810
7127
10034
10040
7533
7057
6534
7504
6390
10041
4274 7133
10054
7121
10032
7129
6855
6529
7884
7507 4867
6599
8043
10037
7869
7877 8287
8283
9509
9506
7125
6854
8035
8040
8288
9503
8276
879
2631
5353
3172
3694
2670
4227
4218
2705
2792
2635 3409
6070
6043
4125
4436
4445
6779
4393
4235
3785
4821
4412
2969
4398
2940
3790
4411
4820
6491
2939
4401
2999
6489
3865 3696
6484
3757
5060
2675
4222
3443
3761
5062
2702
3864 3176
2704
4254
5376
7085 2989
5355
6388
4103
6094
7053
4705 4147
6071
6136
7031 3730
7032
7525
2958
6045
7014
7530
4442
7021
4129
6366
7531
4437
6141
6528
6073 6525
7481
6047
6788 7485
5445
6164
4477
3789
6541
3734 4161
7509
6535
6527
7497
4826
4479
6046
4400
7484
4396
7501
4873
4478
4830
2960
4127
4146
4395
7505 4869
4406
7482
6569
4834
6481
6784
4475
3788
6570
6783
5055 5059
6482
5056
6572
4825
7849
5063
5364
7093
6155
7874
8065
7087
10030
6389
4709 8690
5372
4530
7120 10042
7130
10029
6095
7123 7019
10035
8694
7067 6096
4107
7029
8691
7059
6523
7486
4106
6853
7449
7055 7453
4712
8791
6538
4874
7016
7020
7536
4476
7483
7450
7528
7015 6522
7454
4708
6530
6571
7500
4868 4872
9685
8422
5367
8721
9508
8696
7574
7885
7871
7124
7157 8037 7119
10038
7158
7868
8692
7132
8290
7803
7880
7870
4289
6598
8976
7452
10033
7451
4886 7878
9208
9168
9504 10078 10055
10077
7159
8031
7596
8274
7784
8281
8045
8279
8285
8042
8041
10076
8034
9543
9004
8278
11719
4233
2937
2701
2957 5377
4435 4089
4392
6479
5053
5052
3697
8704
6577
4273
7012 6121
5365
7475
5446
6521
4866
4471 7886 4126
7480 6048
7476
4090
5368
6074
4439
3786
6568
7764
7844
4474
4402 4290
4397
5057
6483
7118 8720
8697 5370 9510 4104
8686
8695
8688
7544
8794 6122
6597
7443 6098
7022
7444
6391
5373
8787
7526
7447
7529
6123
6526
4870
9683
7881
7783 7502
9207
7477
4473 4550
7017
7875
7478 8790
7498
7839
4472
5442
6531
6566
9210
7845
7847
4529
6567
7840
4549
5078
8421
5079
10043
8687
7155
9505
7126
10031 7594 8973
8036 9502
7445
8974
8722
8693
8975
7122
8280
7872
7655
5441 7702 7446
8970 9209
4509
9681
9163
8033
8044
9203
7703
8289
8273
7679
8284
9678
9199
4548
9205
9201
9195
8420
4547
8757 10074
7154
7595
9542 8968
7156
9166
9002 9164
7704
8998
9160
9680
9161
9001
8277
10075
9544
9540
10113
9538
9534
9159 8997
11717
5363
3265
8784
4470
8793
3300
7834
6565
5077
8965
8785 7867
5369
7873
9677 4486
5374
9194
7835
5076
6615 8789
7479
4885
5444
7848
7153 9501
8966
8792
8994 7448 8030
8272 8689
9674
8967
8032
9198
9684
7836
8788
9197
5443
7882
9191
9188 6600 9206
9675
8971
7843
4546
7876
9189
6614
9202
7846
8417
7842
7841
6613
4544
9507
9005
9156
8972 7181
9158
9003
8286
9679 4545
7180
8996 9157
9204 9192
4508 8969
8039
9200 8038
9000
7182
9167
8275
8418
8416
10073
9531
9532
9682
9539
9536
8282
8999 7201
9165
9162
9541
9535
11716
5439
5075
4485
7838
9187
8705
9673
6612
7545
8786
5440
7837
7179
9155
9193
9676
7701
9190
9530
10112
8995
7614
9196
8742
8419
9533
9537
11718
84
328
552
340
2446
820
2482
302
581
341
644
2483
1680
314
599
464
1141
333
334
645
669
1248
1531
830
3142
85
1069
510
335
1175
1377
646
671
670
610
1220
2445
1530
727
1550
832
1475
831
2471
1646
1648
3456
1110
537
1736
1317
2421
687
686
672
643
611
1218
1247
1221
1532
1549
842
843
1405
754
2183
2050
2079
2472
1647
819
2467
1649
1588
2251
2480
2326
3143
3164
6357
1782
1362
5645
339
609
668
612
1194
1219
1222
1195
629
628
642
1238
728
1240
1529
1533
1474
1404
1473
755
844
2184
2049
2051
2078
1822
1508
694
1651
1671
2468
1670
1669
1965
826
2469
1643
1586
1650
2252
2253
2327
2481
3165
2524
1679
3139
3137
3074
3629
6267
6358
332
685
1196
627
630
667
1239
726
1548
1403
756
1246
1472
2182
2123
2052
2053
2125
2124
777
1821
2080
2153
2154
1509
1966
695
828
1567
2470
1565
1644
811
1652
827
1587
1260 3498
788
2347
2456
2278
2346
2277
1612
2280
1613
1589
2304
6244
2248 2213
2465
1639
2323 2527
2306
3070
3161
3158
3075
3624
6264 6272
6356 4674
4672
4668
684
608
1217
1402
753
2126
778
2180 2181
2048
2047
1824 1820
1823
2155
1506
1507
703
2077
1924
1925
1964 1963
5665
1885
1883
1967
1884
1451
1452
702
840
5700
5701
2000
2439 1999
789
1561
1568
1562
1665
1666
839
829
1261
1590
2345
2283
2454
2281
2282
2279
1610
2284
1667
1607
2247
1638
3140
2525
1630
2305
1608
2307
785
5715
2324
2479
1678
3162
2565
2562
2466
1640
3077
3071
3160
3626
3138
1582
2528 2521
6262
3119
3159
6031
3120
6033
2244
2320
4197
3066
3566
3076 3061
3627
3619
5731
2590
2593
6355
6298
6268
6269
6260
3655 3651
3654
4780
6299
6320
6804
6821
1193
626
1237
2122
2121
776
1819
2152
1505
1923
1926
5666
1882
1887
1454
1886
1450
1453
704
1962
5702
5703
2438 1250 1997
1998
3497
693
841
3402
5761
3551
1252
1569
808
2285
1563
6243
6230
2463
2196
2250
2343 2457 2529
2200
2273
1566
2197
2272
809 2453
1663
1614
2308
1645
1628
818 3135
2520
786
2301
2302
5716
5718
2249
2344
2274
2228
2325
2566
1641
3072
1664
2563
2243
2321
3141
2526
5717
2229
1677
3078
1583
3621
3136
3067
3117
6265
3116
6034
3625
6258
6266
4077
5797
2864
4214
3062
3628
6294
6296
3684
6032
2623
2211 4195
3562
2587
2891
5946
5839
2922
4040
6778
4816
4675
4666
3828
3647
4781
4776
5863
3996
4702
6316 4670
6800
3827
6818
7083
4669
7049
6799
6817
10053
689
1922
5664
1881
1449
701
5699
1996 2437
3400
3401
5760
3549
3552
3550
1251
1253
1570
6229
6228
2342
2276
2199
1564
1668
810
1580
1557
2530
806
825
5719
5721
2455
787
2198
2275
1629
1611
1609
2341
2267
2269
3156
1605
5720
2557
3079 1637
3617
2567
1558
3060
3565
2303
1581
3623
805
2559
2464
2522
3568
2594
1642
2230
2591
1584
868
2298
2890
5732
6257
6270
5793
2245
2340 2451
2319
6027
3065
6023
5792
2558
5802
5798
2322 3163
3121
3122
2268
6024
1604
3073
2867
3113
6026
2564
2868 4072
5801
3567
2246
3110
3683
4076
2865
3656
3157
2619
3681
3657
2624
3068
3653
3685
2592
3063
2620
3620
4676
4216
6300
6297
6291
5862
5799
2299
5859
2866
5939
6318
5943
6263
5942
4044
4039
3114
5834
5838
4041
2919 4033
3109
6028
2923
4042
6261
3652
4193
3405 6354
4667
6319
4671
5940
4159
3862
6293
5836
4031
3997
6776
4817
4812
4196
2650
3994
6770
4703
7047
4699
4802
6797
4774
7081
7078
4777
4773
7043
6822
6802
6803
4695
784
1556
838
2519
2450
1602
2568
1559
1662
807
2209
2192
3059
3561
2892
1585
2589
2339
4075
5804
2523
3108
6029
2270
1603 2869
2870
5795
2271
3686
2560
2621
5712
2888
2226
2242
3421
6290
2210
5787
2856
5788
2193
2860
5800
4069
4212
2318
3645
3679
2300
2857 5860
3650
2212
1627
4782
3069
3618
5835
2616
5938
3563
3622
3112
4043
2920
5837
2586 4034
3064
5794
4071
3118
2588
3682
6025
2622
5729
5855
6314
6271 5935
4211 5948
5829
5936
3969
4028
2225
4432 3998
4035
5831
5803
4074 3966 5944 2861
2914
4026
6295
3970
6259
3995
5901
2921
3841
4388
3599
3649
4818
6769
3677
5906
2615
3600
3595
5861
4819
4384
3648
4032
5050
6473
5049
3992
3963
7080
6315
5995
5998
5907
5947
2917 4037
6775
6002
6773
3802
4704
7050
6777
7002
3840
6819
4863
4864
6511
6517
4803
6343
6342
6003
7005
7003
7044
7111
7046 4696
6514
7042
7114
10027
10052
804
3404
2191
2556
1625
1560
4192
869
2223
2585
5805
5786
3107
4066
5806
4073
4070 2863
2266
3675
2195
3680
1606
2618
2194
2338 2452
1626
2561
4217
2297 5854
5933
5945
5713
5828
2224 4024
3972
2889
4036
2916 4030
3962
3971
5714
3965
3863
5909
3594
5902
3967
3564 4429
2227
5908 6030
3602
3115
5790
5904
2859
5796
3601
6022
5789
2862
3597
2858
4068
3111
3678
2614
5051
2617
4665
4210
5730 4194 6301
4434
3990
6766
5898
3959
4389
5856
4390
6292
5934
2933
5999
6004
6001
2913
4370
3646
5830
4038
5994
5857
3964
4029
4779
5045 2698
4213
3968
5941
5832
5905
2668
5903
3598
2915 2918
4027
6477
3596
7008
4865
4425 2934
5991
6340
6796
3993
6000
4673
6768
4376
6317
3591
6987
5997
7006
6475
2952
4427
4379
6820
6520
6801
6474
5996
4385
4814
4372
5042
4809
6469
4778
4145
6515
4373
2955
2667
4858
2695 5037
4805
4813
6772
5046 2697
4804
4160
6512
7523
6341 4431
7082
6344
7007
7077
7051
6994
4378
7115
7106
4806
7004
7048
4810
6518
6507
5041
7112
4700
6504
6995
6771
4859
4853 7518
4857
6502
10028
6339
6988
7524
7117
7045
7104
6509
4852
7109
2887
4209
2855
2613
878
2930
4433 2912
3958
3957
4391 3590
5897
3593
6476
5044 4067
5791
3676
2700
4422
5989
6465
5993
5858
2649
6767
5034
7418 5833
4025 7011
4215
4430
7419
5937
3960
3961
4424
5900 6478
4468
5899
4811 3592
6506
4469
4386
4377
2936
4381
2935
6774
5043
6561
4465
2669
5047
6564
2699
2696
10015 2950 3991 7084 6337
10016
4368
5990
6041
7009
4428
5992 7052
10022
7420
7010
4387
4426
6998 3693
7041
6513
4374
6516
4862
6990
6989
6999
4466
6519
7440
2953
7522
7520
4815
6563
4807
4697
6508
6562
5048
4860
2956
4855
10018
6338
10017
4100 7116
2954 7076
6068
7079
6500
4380
6996
4701
7474 7103
7492
7113
7150
6798
4467
6997
7516
5038 7519
6470
3708
10025
4775
7441
4861
6992
7442
4854
7101
7152
8680 10072
7151
7495
6387
7108
10023
6510
10070
7110
10071
4084 4421
4367
2932
2694
2630
3406
2931
7463
4086
7467
6466
5035
3171
3692
2666
6560
4383
6472
3861
6117 8673 6985
8684 4085
6499
7471 6114
2951
7427
7521
7001
6115
4851
4460
7464
7468 6505
4087
6067
7496
6467
4382
5036
7472 4371 6042
3784
4375
7469
4088
4458 4124
4464 6069
6559
6471
4463
6558
3755
5039
5040
3441
8685
7100
8674
8675
8677
6386
7432
7000
7465
6116 7428
4459 4101
6092 7430
8682
7434
6363
6991
6118
7437
4461
3728 6993
6503
7439
6557
7433
4462
4808
7493
6555
6120
6556
7149
10024
6119
8683 4102
7145
7148
4698 8681
7105
4856
7429 7436 7107 6093
10067
10068
7146
10069
7147
4455
5033
4850
4423
4457
6553
7473
4369
6468
8679
6986
4456
7431
7466
6501
6554
7470
7143
8678
7102
7435
8676
7517
7494
10065
10026
7144
7438
10066
5438
7833
9672
9186
9529
11715
78
82
280
83
2444
230
359
326
550
640
260
399
1028
327
299
578
641
1245
1525
974
431
298
325
300
551
579
597
461
1139
662
661
2443
1522
723
1471
3134
1004
81
301
312
313
580
598
549
462
1137
1066
506
1173
1376
664
665
663
638
1210
1214
1526
1546
3155
3131
3130
6353
324
577
460
463
1138
1140
1065
1067
508
507
1171
1174
337
683
681
682
666
1735
1316
639
2419
606
657
1211
1212
1215
1523
1547
635
724
1519
1400
1527
1470
748
1468
2178
2037
2041
2072
297
596
459
1068
505
509
1136
1172
1106
1107
1375
1108
536
535
1734
1315
338
2420
658
607
1186
1190
1213
1187
1216
625
659
1232
1236
653
1233
1518
636
1401
750
721
1397
1544
749
2442
2179
1524
2038
1244
1464
2175
2042
2043
1812
2512
2075
1504
2074
1959
3055
3151
3150
6253
6351
311
1064
504
1109
329 534
1170
1733
1313
1314
330
2417 2418
1779
1780
1361
1360
679
5644
1191
1189
680
622
660
655
725
1188
623
1234
1528
1396
637
1543
1467
654
751
1398
603
2119
1520
2044
2176
2115
2114
2039
2117
773
2045
1545
774
1469
1207
1392
744
2073
2147
2040
2150
2173 2516 2170
2033
1816 1809
2028
1815
1497
1501
2149
3153
2070 2508 782
1952 1955
1960
3051
3104
6020
2513
3132
3056
3045
6255
3038
3616
6352
1105
533
331
1778
1358
1781
1359
5643
1192
678
624
1235
677
752 656
1205
634 1462
1391
604
746
722
2118
2046
2120
1399
775
2171 1517 1243
2027
2076
2029
1208
2032
1808
1463
1393
745 2177
1813
1521
2151
2514
2148
2116
1502
1498
1465
2069
1917
1814
5660
1961
1956
1872
2174
1445
2034
1875
1871
1442
2553
2550
2517
1805
1494
783
1919
5691
1995
1953
2436
1994
3101
3100
6021
1948
3494
3558
3057
3036
5693
3560
2584
2580
6283
3043
3559
3052
3152
2581
3046
3039
3643
6284
6242
6312
6252
6313
602
720
1183
620
1390
652
605
1229
2172
2036
1206
1817 2111
2106
2108
1184
1818
2110
619
1811
1209
771
1496
1503 1542
1394
747
1804
2145
2143
1914
1231
1920
1918
1466
1915
1957
1877
2169
1878
1951
1438
1866
5662
1876 2035
1879
2112
1867
2030
1446
2107 1447
1873
770
1810
1439
1443
2031
1500
1499
780
3133
1949
5692
2515
2071
5695
5694
1991
1958
5661
1868
3058
1992
1989 2435
2144
1874
1444
2554
1495
2542
1954
800
2506
3399
5696
1990
3545
2541
3154
3105
2551
5778
3053
799 4063
2545
3106
3044
2848
6017
3097
2612
3048
2607
3674
2208
3033
2885
1578
2510
5759
6227
6287
2849
2911
6018
2907
3098
5827
3093
2239
2315
3555
3047
3610
2579 3614
5853
5851
3040
5928
5823
3092 4015
6256
6249
3642
6310
3986
618
676
743
2113
1185
621
2518
1803
1230 1921
1492
5663
1880
1448
1870
1395
2109
772
2505
781
1911
1946
5658
1861
5697
1434
1863
1988
3493
2555
2026
2146
1807
1916
3496 2168
1806
1869
1441
1493
2582
1440
802
5688 2068
5687
1987
5698 1912
2434
1947
3546
3397
5757
2884
3540
1993
3547
3543
1862
1435
1950
3054
2852
3495
2552
2853
3090
6019
5780
2850
2583
2608
2543
2547
2610
801
6240 5705
6222
3395
6225
2433 1986
2238
3539
4062
5768
6280
2509
2851
5850
3615
3049
3103
1579
5779
3089
5822
3102
2908
6247
3096
4019
2609
3644
2577
2882
6241
6223
5925
6281 2842
5781
2316
6285
5825
3612
6248
3989
2903
1624
2909
4016
5824
3041
4017
5727
5847
3556
3984
5932
3987
4020
3639
2905
6311
769
1910
1860
1433
1437
2105
2186
2886 797 3396 2432 1984
2537
3394
3538
796 5756 2142
3548
3537
3542
1913
5659
1865
1864
2854 1436
803
6221
5689
1985
5764
2187
5690
2538
4057
5782
3398
5758
3541
3544
3609
2261
1622
3668
1553
2511
5826
2548
1554
2611
6226
2221
6224
2294 5783
5919
5706
5930
2881
2220
5784
5708
4008
3955
4065
3954 2263
2910
3988
2845 3950 5852
3149
6013
5773
2241
2337
5769
3034
3050
6012
5772
2190
2262
2546
5886
2544
4061
1601
3557
5894
2841
3037
2843
3672
3611
2449 4018 2336
1636 3042
3095
2604
6289
6288 5707
2295
5817
5770
3943 2840
5921
3947
6246
5929
5922
5895
2240
5975
5888
4021
5982
5820
3099
2900
2844 3951
6014
5889
6250
3671
5887
2603
4013
2904 2317
3589
3094
3946
6254
5983
5988
5984
4023
5979
2906
6350
6335
5980
5785
4064 1623
2189
798
1552
1555
2879
2836
3956
2188 2576
2507
3949
5896
5766
2448
2539
5891
1599
2847
3673
2335
2549
2265
1661
2837 5931
3936
5877
5816
5918
2601
2883
4022
3638
5986
2222
5765
3948
3035
4056
5771
5890
5709
2578
3952
3554
3944
3945
5892
2264
2846
3667
5775
5893 4060
6015
1600 5711 3091
2606
2605
3933
5965
2898
5985
5848
5710
5819
2296 5987
3953
3580
3939
5977
4009
5927
4059
5774
5976
5882
3588
3585
5978
3940
4007
2901
3669
4014
3640
3613
3982
3985
5973
5923
6286 5728
2902
5968
5883
4011
6309
5981 6251 5926
5972
3584
3641
6332
6336
6333
3932
3579
2839
2600
4055
3666
2540
2880
2897
5032
5881
3937
4006
2838
7414
3583
3935
5878
5880
5767
5776
3582
3088
3587
5777
2602
4058
3670
10010 3981
5967 5964
5846
3938
5971
3934
4849
5974
5924
7415 5818
3942
2899
4010 3581
5879
5920
7417
3941
5885
3586
5884 6016
6331
10012
6330
10013
5849
6282
5969
5966
5821 7416
4012
6498
10011 3983
5970
7099
10014
6334
4454
4453
6550
7462
6552
8671
7425
7460
6551
7461
7141
8670
8669
7423
7424
7426
8672
7142
10063
10064
66
193
2441
136
76
181
77
278
321
546
926
279
227
358
322
572
1513
277
226
228
258
396
1027
323
291
293
547
573
454
1134
1515
75
229
276
357
257
259
79
397
1026
973
429
295
292
294
575
593
574
544
455
1129
1514
717
1374
1461
1516
225
395
398
80
1025
971
972
430
296
308
310
309
548
594
576
595
319
568
451
456
1131
1056
1135
1060
498
497
1541
1163
1169
1389
738
716
2167
2021
1242
1459
2064
256
970
428
1002
1003
288
570
320
457
452
590
545
1128
1055
500
1057
569
501
448
1061
493
499
1164
1130
1126
1166
718
1373
1165
1731
1311
1388
739
1539
2415
2023
2022
2024
2063
1001
287
458 592 318
289
1132
1062
503
1059
571 502
591
494
453
543 1124
1167
1162
1097
1103 1133 449
532
1098
1101
1058
495
530
531
1052
489
1099
1312
741
1540
1160
1729
1303
1308
1732
2416
740
2101
2102
2100
766
2413 2410 1198
1381 632
734
2025
2138
2162 1202
1385
1800 733 2067
2007
2012
1512
1489
2066
2058
2165
2015
1944
306
290
447
307
1063
1051
719
491
1104
1100
567 1371
528
450
496
1158
1728
1125
1307
1168
1302
1102
529
1309
1053
490
1127
1372 742
600
2414
1357
1773
1161
1776
1355
1356
1304
767
2103
2104
768
714
1379
5641
1775
648
2411
2163
1199
1382
2065
633
736 2141
2139
5642
1200
2164
2017
1802
1203
1386
1536
735
2140
5653
1428
2013
1793
2160
1460
2016
2060
1801
2008
1490
2009
2431
2166
1941
2061
1488
5680
1945
488
589
1727 1094
1093
527
1301
1306
1054
492
2409 1176
1159 1777
1351
1769
1774
1349
1771
1378
1352
1095
601
526
1730
1305
1310
5639
2412
1770
1350
1353
2091
1177
2087
2093
650
1535
764
1383
649
737
730
1225
1224
2132
1908
1903
2010
1430
2161
2096
1859
2086
2089
1180
1201
2019
2094
5654
617 1431
2014
1422
1850
1537
1424
762
2011
1204
1491
1790
1481
1905
2134
1387
2059
1851
5679
2135
2098
2131
1853
1228 2430
2018
1429
761
1934
3488
2003
1797
1796
5682
2158 3492 5683
1485
5681
1982
2056
1937
1942
3491
1983
6237
6238
525
1768
1348
1096
615
1772
1354
2097
614
1179
675
674
5640
1789
731 1909
715
2095 1178
2020
2099
5656
1432
1855
2092
1181
765 651
5649
2137
1841
5655
2002
1226
2133
1981
1906
2088
1857
1904
1482
1457
1794
1854
1384
2090
1852
1425
1426
763
2575
1900
2055 5671
1935
2062 1980
1898 5684
1795 3392
5685
1840
2428
1856
1423
3535
1938
2136
2004
1415
1844
1943
3531
1458
1511 2159
1486
5673
3636
5755
6219
3525
1979
1418
3389
6216
3637
2427
6308
5657
616
1182
1895
1835
1411
759
3487
1484
1792
732
1480
1858
2082
1380
2878
2835 1896 5686
1837
3390
1933
1417
3536
1836
5751 2128
1907 1227
1412
1791
3522
3529
1899
5651
1420
1842
1847
2157
2006
3490
1848
2084
1427 1798 2083
1483
1416
1799
1538 1487
5675
1975
6212
5672
3387
3521
1977
1974 2426
2129
5650
3519 1843
5674
5815
3527
1901
3532
5754
3393
1936
1939
3528
1846
3489
3533
2005 1845
1419
2429 5845
6236
6218
2057 4054 5676 6214
1976
1940
3526
4004
5917
6217
6239
3386
3518
1414
1839
1421
760
2085
3922
2425
1973
1897
5752 5871
3573
3927
3388
3530
3524
1902
1838
5869 3520
3664
1413
5652
1849
6213
3391
6215
5956
5677
5870
3928
3523
5753 2130
5763
3534
3576
3575
3929
3930
5875
3925
5678
1978
5961
5916
5963
5959
3577
5960
6220
6328
6326
6329
3923
3924
3574
7410
3926
4053 5874
5873
3578
3665
10005
5958
5962
3931
7411
5872
7413
5876
6325
10006
10008
7412 5957
4005
10009
6327
3980 10007
46
108
64
192
72
541
65
135
73
274
191
134
179
74
275
220
356
562
63
133
178
180
925
271
217
221
390
564
1024
563
540
1121
177
924
70
272
223
218
222
269
354
251
254
391
1022
542
565
315
445
556
1122
1123
71
224
255 273
252
219
214
253
270
393
386
392
566
1021
966
968
425
1023
316
558
446
1041
487
1043
557
440
1152
1119
1370
1153
353 213
268 394
388
215
355
249
1019
426
965
969
427
387
962
281 422
967
283 585
560
1042
317
1048
584
1045
559
481
713
538 1114
441 1155
1044
482
1154
1300
1456 1726
2408
248
385
216
961
960
424
250
389
1000 1020
997
998
963
423
588
282
999
284
561
587
1047
285
484
437
1049
523
1046
1086
1090
1083
586
485
524
1033
475
1367 553
442
1084
1087 483
1145
1722
1156
1116
1295
1037
474 1287
1298
1120
1369
2406 1151
1291
2401
421
995
964
304
996
1050
303
286
1032
438 1092
1088
520 305
486
470
1089 582
1157
1113
1091
1085
1034
1296
521
554
478
443
1783 1720
1283
1147
1293
1724
1038
476
522
2407
1146
1346
1763
1115 539
1288
1347
477
1148
2399
1725
1478
1292
1765
1299
1785 2403
5638
1929
2402
1932
1719 1075
472
519
1282
471
439
1366
1036
480
583 444
1077
1767 5646
1079
1764 1144
1340
1284
1343
1076
1757
1035
1338
1290
1723
518
1297
1117
1289
1039
1368 479 555
1784
3482
1759
5634
1766
1477
2404
2400
1341
1756
1149
1337
1760
1344
1118 1081
1294
1828
517
1928
5636 1892
1339
1787
3485
1479
1972
3484
1930
6233
2424
6235
1753
516
1333
515
1286
1078
473
1040
1890
1889 1754 2398
1334
1335 1721 3382 1080
1826
1762
3517
1407
1758
1345
5647
1082
1285
1830
1786
5635
5749
5668
1761 1150
1342
1971
3506
3512
3385
1829
1832
3515
1409
5669 3381 2405
5750
3503 6205
3511
6211
1969
2423
6210
1336
3379
3501
1755
5747
3483
3514
3509
1893
1788
1410
758
3486
1834
6204
3513
1894
3383
3504
3507
3516
1831 5748
1833
3508
5637
6232
6207
6206
1931
6234
1970
3380
3502
1408
3505
5648
1827
2422
1891
6208
3510
6209
3384
5670
23
44
45
107
60
190
266
43
106
61
132
267
352
62
189
130
174
205
208
58
131
127
171
175
67
210
206
209
264
350
380
1017
126
59
176 188
172
128
169
173
922
68
207
211
246
242
200
243
265
382
373
381
434 1016
1018
168
129
921
170
923
212
69
247
244
197 348
245
261 383
201
375
351
432
1012
418
955
959
374
419
1364 958
1112
1365
384
198
237
370
202
420
956
262
377
203
950 433
946
414 240
1013
376
957
1014
953
413
1111
1279
1718
1276 2397
2392
239
945
417 371
238
199 349
379
204
411
948
1011 993
951
991
947
1029
416
378 241 263
1714
1269 954
992
994
1363
415
435
1332
1272
1278
1751
1280
467 1277
2393
2390
5633
987
412
949
372
989 1715
988
952
1750
1270
1326
436
1281
469
990 1015
1752
1274
465
1747
2395
1030
1327
1330
1744
1325
468
1716
5630
1273
2391
514
1142
2394
513 1741
1739
1072
1320
1321 1070
512
1746
511
1271
1331
1071
466
1031
1742
1323
1749
1748
1745 1073
1328
1074
5631
2396
1329
1143
1322
1740
1324
1275
2389
1717
1743
5632
3378
3500
6203
7
22
21
40
54
187
41
105
55
125
42
38
103
56
186
123
347
102
39
104
57
51
124
120
161
166
367
1010
117
52
167 184
162
121
158 345
163
368
364
1007
164
118
53
155
122
165
918
159
369
361 920
194
409
942
943
365
1008
157
917
156
119
919
185 160
410
232
931
406 231
366
195
944
936
939
935
235 405
404
933
234
983
932
408
233
196
401
986
937
984
362
407
236
985
940
1009
980
402
979
938
403
934
346
363
982
981 1006
941
1268
2388
1318
1738
1737
1319
5628
5629
6
20
183
18
35
19
36
101
115
37
32
99
47
116
113
97
33
100
110
48
154
149
150
98
34
151
49
142
152 114
147
153
50
144
913
143
111
915
182 360 148
1005
914
146
145
112
916 400
929
927
930
977
976
975
928
978
5
17
29
15
30
16
31
26
95
92
27
96
109
93
28
138
137
141
94
910
139
912
911
140
4
14
12
24
13
88
91
89
25
90
909
3
11
9
10
87
2
8
1
0