1043
1042
1032
1041
1031
914
1017
1038
1040
1030
903
1023
992
1036
1013
913
1037
1016
1039
1029
878
1026
1034 772
897
1022
988
865
1021
1012
1000
902
1035
1033
1009
991
911
1014
1015
912
1028
873
1027
767
877
1025
982
954
345
784
720
1024
869
1011
896
839
987
984
900
864
1019
893
1020
998
977
771
901
861
1018
1008
990
1005 1010
910
898
899
989
1007
999
907
909
871
765
872
979
782
870
680
766
876
952
340
546
712
717
981
650
895
831
980
948
863
778
761
874
867
719
875
857
995
827
978
837
986
972
962
770
866
707
891
868
889 894
997
985
976
953
996
983
344
783
845
860
769
890
862
892
838
1004
975
994
768
859
1006
906
908
763
781
678
764
950
943
336
709
544
715
829
951
306
749
339
776
762
855
448
541
674
710
716
757
642
830
648
929
946
945
938
780
774
711
760
534
822
824
718 808
740
635
836
825
970
949
835
961
820
947
679
332
692
759
854
777
714
708
775
713
801
887
856
853
702
826
828
823
973
969
960
944
971
343
844
545
758
705
773
706
649
885 993
886
821
888
834
1002
1003
974
843
704
858
1001
342
905
904
676
334
543
669
677
942
747
779
297
335
537
524
639
538
673
446
756
926
646
620
941
920
181
748
675
304
849
500
532
671
528 338
807 641
442 737
539
928
610
631
967
640
925
647
590
937
315
333
689
745
291
851
746
542
531
490
326
848
634
540
805
754
536
574
672
738
645
736
638
512
817
755
818
959
924
927
792 964
956
819
936
337
690
670
535
883
734
800
533
700
806
637
735
850
847
701
804
739
644
966
957
832
816
958
965
968
305
331
842
447
691
688
846
530
852
881
884 699
833 799
633
963
955
880
882
330
841
879
703
840
341
668
940
295
521
445
744
266 499
296
520
667
753
618
939
313
741
742
179
302
279
438
301
527
522
606 419
440
922
607
630
432
588
619
665
935
919
56
173
242
294
497
287
523
489
324
750
571
731
441 498
519
722
480
303
404
609
751
259
439
803 556 923
586
511
629
471
617
921
608
589
587
934
932
314
293
290
684
685
300
496
488
444
726
573
732
743
570
628
526
325
797
509
572
729
605
697
723
725
510
604
627
815
791
727
730
585
931
752
812
813
933
312
682
328
686
299
323
796
487
437
798
721
696
698 508
733 569
695
794
636
724
814
643
728
802
811
180
289
687
632
329
793
683
529
795
681
694
327
666
264
514
615
177
276
516
417
239
517
165
178
495
277
265
479
515
415
429 599
626
614
389 583
431
664
918
310 54
170
190
492
443
143 240
263
171
486
320
286
555
213
418
401
257
612 155
278
602
402
256
416
625
662
600
374
470
601
227
596
616
584
430
663
613
917
309
238
172
518
241
275
566
317
494
321
255
595
483
478
403
414
506
513
603
592
468
435
623
554
428
258
507 505
567 581
469
611
594
597
622
789
580
593
582
930
176
311
433
237
318
482
292
285
563
254
568
598
624
400 322
579
436
484
493
319
434
565
788
525
504
790
564
621
591
810
169
481
562
298
503
485
809
55
308
288
316
693
262
163
272
411
425
388
916
52
189
261
140
125
164
553 413
273 274
210
387
412
424
661
658
48
235
53
268
90
139
153
283
477
141
162
394
409
284
211
117
251
372 395
269
253
396
467
154
353
373
461
226
386
426
423
660
659
427
915
174
232
188
161
236
270
175
142
491
233
407
260
209
551
421
397
250
281
398
560
225
212
460
464
247
271
371
657
476
410
252 465
392
408
462 578
552 576
422
786
466
577
138
282
167
152
248
391
550
475
234
399
267
559
463
459
575
393
249
787
561
502
307
51
166
231
557
246
168
558
785
280
501
159
187
124
160
384
385
653
46
132
89
134
150
205
115
369
383
655
185 36
157
230
135 47
88
549 72
201
123
133
114 136
207 206
149
158
474
368
116 202
381
223 406
352
454
151 221
656
370
224
652
366
382
654
420
129
473
87
137
113
203
186
208
130
156
364
457
405
222
365
148
456
451
204
548
455
458
244 367
452
49
228
45
50
128
184
229
147
547
200
450
220
131
472
245
453
243
390
122
380
42
86
183
34
43
84
121
197 71
108
110
376
377
111
216
351
378
379
19
81
35
194 44
70
198
106
85
359
109
82
112
120
363 195
350
107
219
358
217
361
146
651
362
40
182
33 145
192
80
41
126
199
105
357
144
218
83
215
196
127
360
193
449
119
30
78
101 69
375
18
76
31
79
67
68
100
104
103
98
349
99
118
356
37 6
28 17
74
38
32 95
66 97
29
77
102
214 39
348 191
96
75
355
354
25
16
26
64
65
94
347
5
22
14
15 92 27
73
62
23
63
91
24
346
93
13
61
4 20
11
58 12
59
21
60
10
3
8
9
57
2
7
1
0