1043
1042
1032
1041
914
1031
1017
1038
1040
1030
903
992
1023
913
1013
1036
1016
1037
1039
1029
772
878
897
1026
865
988
1022
1034
902
1000
1012
1021
911
991
1009
1033
1035
912
1015
1014
1028
345
873
767
1027
720
784
877
839
954
896
869
982
1025
771
864
893
984
987
900
1011
1024
861
977
901 998
1020
1019
907
899
898 910 1005
990
1010
1008
1018
909
989
999
1007
871
340
680
765
546
766
782
872
650
712
717
876
870
979
344
719
761
778
831
952
895
707
827
837
857 948
770
867 863
875
874
980
981
845
769
889
962 783
972
894
891
868
866
986
978
995
768
838
862
892
890 860
953
983
976 985
996
997
906
859
975
994
1004
908
1006
763
306
336
678
781
448
339
544
764
674
541
749
709
715
332
534
642
648
757
710
716
943
762
776
829
950
635 692
343
740
808
929
679
718
711
760
774
830
780
951
855
801
702
545 820
938
708
713
759
714
775
777
822 825
835
824
836
946 945
342
649
705 706
844
758
773
823
826
853 947
828
854 856
887
949
961
970
704
843
821
834
886
888 885
944
960 993
971
969
973
904
905
858
1001
974
1002
1003
181
669
334
676
297
677
543
304
446
524
335
747
291
442
315
528
500
338
673
537
538
779
490
326
631
610
620
333
671
539
532
639
675
646
748
756
942
574
512
305
590
337
672
536
531
540
640
641
647
689
542
746
745
737
807
926
447 792
331
533
920
634 638
670
535
645 690
736
755
754
738
805
928 925
851 941
848
849
330
530
688 691
637
644
842
735
800
734 739
806
804
700
701
927
924
819 817
818
883
937
959
967
633 841
799
699
852
846
833
816
884
881
936 847
957
832
966
850
956
964
341
840
879
703
955
963
882
880
968
958
965
56
668
179
266
295
173
279
296
445
521
287
242
419
302
301
667
520
313
499
744
404
259
432
480
303
294
438
440
522
527
753
742
741
940
180
556
471
665
290
300
439
441
293
314
519
489
523
498
324
497
630
606
607
618
299
312
488
526
325
444
496
629
608
609
571
684
619
511
588
731
751
750
922
939
289
437
487
323
686 627 628
605
573 570
604
572
509
510
617 682 328
586 587
589
729
685
743
732
726
923
722
803
687
569
508
329
585
791
796
733
721
798
698
696
725
797
730
752
697
727
723
815
919
934
921
935
327
681
632
793
529
683
636
643
794
728
814
695 802
724
931
813
812
932
694
795
811
933
666
54
165
177
264
143
190
178
276
514
155
213
389
170
171
265
277
239
417
516
55
374
227
172
286
278
263
240
415
515
310
479
495
517
176
275
238
241
416
401
418
402
257
256
429
431
486
320
309
626
599
443
492
615
169
285
237
403
255
258
414
430
311
478
555
470
518
321
494
664
601
600
602
614
400
254
428
554
468
469
322
433 662 663
292 482
318
603
623 435
483
566 317 616
592
595
513
506
612
625
596
583
288
308
481
298
434
624
598
568
436
484
525
319
563
622
493
597
567
593
507
594
581
613
505
584
316
562
503
485
579
788
591
565
564
621 790
504
611
580
582
789
917
918
693
809
810
930
48
125
52
262
90
53
163
117
164
140
189
272
353
162
139
141
210
274
388
273
261
411
51
142
161
188
153
154
211
387
283
284
174
235
268
412
413
138
209
212
386
372
373
226
175
270
236
394
253
395
269
232
424
409
477
425
152
371
225 166
282 167
398
281
397
271
250
307
260 407
426 233
396
251
467
491 553
661
168
231
399
391
248
475 267
234
252
421
551
427
408
464
392
247 460
465
410
476
423 660
461
658
246
280
550 557
459
463
393
249
422
657
552
559
462
466
560 659
576
578
558
785
501
575
561
787
502
786
577
915
916
36
72
46
124
159
47
89
160
187
123
88
115
132
134
45
87
114
116
49
136
133
135
157
185
205
384
113
352
50
137
151
149
129
150
158
207
201
206
383 230
385
128 184
156 208
130
203
186
228
381
223
368
370
202
224
369 473
406
474
147
200
131
365 229
364
148 222
204
382
366
221
405
457
549
656 454
653
220
547
450 367
472
245
451
456
458
244 455
654
652
453
243
390
548
452
420
655
19
34
42
122
35
71
43
86
33
70
44
121
84
183
40
85
81
108
111
197
380
80
41
112 120
109
82
182 106
110
198
194
376
105
83
350
107
199
192 351
126
219
363
377
195
378
145
357
144 218
196
127
359
361
358
146 217
216
215
360
193
362
379
449
651
6
18
119
17
30
31
69
78
32
28
67
37
79
76
66
29
68
74
38
104
100
101
102
39
95
103 77
98
97
348
96
75
349
191 99 118
375
214
355
354
356
5
16
25
14
26
15
27
22
64
62
23
65
73
63
24
92
91
94
346
93
347
4
13
11
20
12
58
61
59
21
60
3
10
8
9
57
2
7
1
0